# ----- Rotor performance tables for the OPT-20-295-Monopile wind turbine ----- 
# ------------ Written on Nov-26-23 using the ROSCO toolbox ------------ 

# Pitch angle vector, 36 entries - x axis (matrix columns) (deg)
-5.0   -4.0   -3.0   -2.0   -1.0   0.0   1.0   2.0   3.0   4.0   5.0   6.0   7.0   8.0   9.0   10.0   11.0   12.0   13.0   14.0   15.0   16.0   17.0   18.0   19.0   20.0   21.0   22.0   23.0   24.0   25.0   26.0   27.0   28.0   29.0   30.0   
# TSR vector, 26 entries - y axis (matrix rows) (-)
2.0    2.5    3.0    3.5    4.0    4.5    5.0    5.5    6.0    6.5    7.0    7.5    8.0    8.5    9.0    9.5    10.0    10.5    11.0    11.5    12.0    12.5    13.0    13.5    14.0    14.5    
# Wind speed vector - z axis (m/s)
10.0    

# Power coefficient

0.003100   0.004597   0.006090   0.007579   0.009066   0.010554   0.012047   0.013548   0.015064   0.016603   0.018176   0.019799   0.021492   0.023278   0.025175   0.027195   0.029346   0.031628   0.034036   0.036557   0.039164   0.041812   0.044439   0.046964   0.049296   0.051348   0.053044   0.054322   0.055143   0.055485   0.055347   0.054748   0.053720   0.052302   0.050539   0.048474   
0.008630   0.011135   0.013647   0.016174   0.018729   0.021329   0.023999   0.026775   0.029698   0.032807   0.036131   0.039687   0.043486   0.047517   0.051749   0.056115   0.060512   0.064802   0.068826   0.072420   0.075434   0.077745   0.079269   0.079964   0.079841   0.078952   0.077378   0.075208   0.072533   0.069434   0.065980   0.062225   0.058205   0.053946   0.049463   0.044766   
0.017820   0.021806   0.025871   0.030066   0.034456   0.039112   0.044093   0.049445   0.055198   0.061353   0.067859   0.074603   0.081404   0.088019   0.094168   0.099574   0.103982   0.107201   0.109109   0.109685   0.109001   0.107204   0.104465   0.100951   0.096808   0.092157   0.087091   0.081679   0.075959   0.069954   0.063674   0.057123   0.050304   0.043223   0.035885   0.028307   
0.031647   0.037965   0.044644   0.051787   0.059477   0.067776   0.076697   0.086167   0.096004   0.105906   0.115463   0.124221   0.131742   0.137647   0.141672   0.143693   0.143764   0.142096   0.138979   0.134696   0.129488   0.123551   0.117037   0.110063   0.102702   0.094991   0.086940   0.078550   0.069819   0.060745   0.051327   0.041570   0.031489   0.021111   0.010483   -0.000322   
0.051930   0.062062   0.073002   0.084825   0.097515   0.110910   0.124652   0.138193   0.150870   0.162013   0.171029   0.177466   0.181102   0.181967   0.180362   0.176731   0.171503   0.165031   0.157592   0.149403   0.140632   0.131392   0.121731   0.111662   0.101178   0.090271   0.078928   0.067141   0.054909   0.042238   0.029153   0.015695   0.001923   -0.012070   -0.026135   -0.040062   
0.081269   0.097034   0.113956   0.131810   0.150073   0.167951   0.184524   0.198881   0.210229   0.218028   0.222077   0.222549   0.219975   0.214984   0.208118   0.199816   0.190409   0.180152   0.169244   0.157805   0.145871   0.133437   0.120490   0.107012   0.092981   0.078384   0.063216   0.047484   0.031218   0.014468   -0.002701   -0.020199   -0.037875   -0.055483   -0.072694   -0.089097   
0.122081   0.144793   0.168172   0.191224   0.212775   0.231655   0.246815   0.257529   0.263510   0.264952   0.262535   0.257078   0.249269   0.239670   0.228702   0.216681   0.203854   0.190378   0.176296   0.161600   0.146269   0.130282   0.113609   0.096229   0.078129   0.059312   0.039802   0.019652   -0.001071   -0.022282   -0.043863   -0.065599   -0.087134   -0.107991   -0.127553   -0.145176   
0.174613   0.203552   0.231145   0.255993   0.276792   0.292489   0.302542   0.306968   0.306401   0.301841   0.294183   0.284151   0.272311   0.259069   0.244738   0.229549   0.213601   0.196894   0.179408   0.161119   0.141995   0.122004   0.101123   0.079344   0.056676   0.033159   0.008863   -0.016131   -0.041724   -0.067773   -0.094001   -0.119944   -0.144959   -0.168189   -0.188826   -0.206407   
0.234573   0.266503   0.294563   0.317413   0.334050   0.344099   0.347868   0.346281   0.340481   0.331415   0.319838   0.306314   0.291246   0.274953   0.257642   0.239381   0.220161   0.199959   0.178743   0.156481   0.133137   0.108686   0.083121   0.056458   0.028750   0.000076   -0.029468   -0.059765   -0.090656   -0.121830   -0.152734   -0.182563   -0.210214   -0.234663   -0.255350   -0.272264   
0.293342   0.324879   0.350429   0.368999   0.380313   0.384800   0.383481   0.377586   0.368114   0.355844   0.341351   0.325050   0.307267   0.288207   0.267937   0.246451   0.223726   0.199732   0.174435   0.147796   0.119792   0.090413   0.059680   0.027656   -0.005571   -0.039890   -0.075170   -0.111245   -0.147804   -0.184244   -0.219632   -0.252637   -0.281937   -0.306764   -0.327050   -0.343618   
0.341204   0.370733   0.392985   0.407568   0.414766   0.415547   0.411164   0.402670   0.390891   0.376439   0.359756   0.341188   0.320962   0.299174   0.275835   0.250933   0.224443   0.196336   0.166575   0.135137   0.102012   0.067229   0.030853   -0.007020   -0.046271   -0.086755   -0.128298   -0.170619   -0.213125   -0.254812   -0.294180   -0.329546   -0.359786   -0.384624   -0.404859   -0.421984   
0.373245   0.400253   0.420078   0.432535   0.437963   0.437443   0.432044   0.422592   0.409720   0.393937   0.375647   0.355140   0.332579   0.308020   0.281477   0.252945   0.222406   0.189834   0.155212   0.118537   0.079837   0.039181   -0.003334   -0.047581   -0.093408   -0.140629   -0.188992   -0.237977   -0.286597   -0.333273   -0.375995   -0.413114   -0.443957   -0.469086   -0.490104   -0.508836   
0.389753   0.415027   0.433225   0.444819   0.450622   0.451161   0.446736   0.437856   0.425045   0.408706   0.389277   0.367064   0.342227   0.314841   0.284945   0.252552   0.217662   0.180271   0.140388   0.098044   0.053308   0.006277   -0.042918   -0.094118   -0.147128   -0.201704   -0.257427   -0.313424   -0.368159   -0.419429   -0.464997   -0.503547   -0.535152   -0.561283   -0.584066   -0.605450   
0.391160   0.415361   0.433677   0.446594   0.454490   0.457409   0.455499   0.448645   0.436912   0.420799   0.400696   0.377005   0.349955   0.319689   0.286289   0.249805   0.210265   0.167696   0.122144   0.073683   0.022411   -0.031542   -0.088011   -0.146792   -0.207639   -0.270201   -0.333788   -0.397040   -0.457767   -0.513264   -0.561376   -0.601393   -0.634306   -0.662325   -0.687876   -0.712854   
0.379564   0.403062   0.422386   0.438233   0.450110   0.457252   0.458806   0.454827   0.445240   0.430071   0.409848   0.384951   0.355787   0.322608   0.285566   0.244758   0.200257   0.152138   0.100492   0.045428   -0.012923   -0.074394   -0.138774   -0.205809   -0.275178   -0.346350   -0.418252   -0.488913   -0.555469   -0.614948   -0.665551   -0.707403   -0.742373   -0.773221   -0.802499   -0.831864   
0.358035   0.381803   0.402649   0.421659   0.438327   0.450500   0.456990   0.456668   0.449786   0.436402   0.416602   0.390879   0.359748   0.323640   0.282813   0.237440   0.187657   0.133600   0.075402   0.013211   -0.052804   -0.122428   -0.195398   -0.271398   -0.349991   -0.430383   -0.510993   -0.589163   -0.661427   -0.724799   -0.778112   -0.822375   -0.860253   -0.894870   -0.928735   -0.963191   
0.329445   0.355122   0.378348   0.399876   0.420160   0.437926   0.449727   0.454257   0.450717   0.439603   0.420851   0.394744   0.361842   0.322803   0.278049   0.227860   0.172461   0.112050   0.046811   -0.023068   -0.097368   -0.175820   -0.258097   -0.343804   -0.432331   -0.522526   -0.612205   -0.697967   -0.775904   -0.843276   -0.899715   -0.947099   -0.988769   -1.028061   -1.067282   -1.107501   
0.296481   0.324990   0.351413   0.375970   0.398842   0.420072   0.437566   0.447254   0.448130   0.439692   0.422528   0.396454   0.362045   0.320093   0.271270   0.216010   0.154642   0.087438   0.014635   -0.063528   -0.146771   -0.234759   -0.327097   -0.423274   -0.522449   -0.623015   -0.722104   -0.815560   -0.899246   -0.970915   -1.031026   -1.082323   -1.128679   -1.173484   -1.218787   -1.265440   
0.260258   0.291850   0.321685   0.349786   0.375804   0.399680   0.420825   0.436093   0.441686   0.436848   0.421493   0.395943   0.360312   0.315491   0.262463   0.201866   0.134158   0.059692   -0.021229   -0.108302   -0.201179   -0.299449   -0.402631   -0.510062   -0.620600   -0.732098   -0.840926   -0.942235   -1.031880   -1.108278   -1.172706   -1.228751   -1.280670   -1.331772   -1.383877   -1.437650   
0.221307   0.256139   0.289558   0.321155   0.350657   0.377586   0.401605   0.420852   0.431617   0.430848   0.417884   0.393146   0.356574   0.308969   0.251603   0.185394   0.110951   0.028729   -0.060894   -0.157536   -0.260769   -0.370099   -0.484937   -0.604423   -0.727042   -0.850038   -0.968937   -1.078327   -1.174282   -1.255928   -1.325395   -1.387045   -1.445372   -1.503530   -1.563164   -1.624770   
0.181432   0.218457   0.255178   0.290438   0.323305   0.353590   0.380688   0.402994   0.417998   0.421609   0.411706   0.387973   0.350762   0.300488   0.238658   0.166547   0.084956   -0.005544   -0.104481   -0.211381   -0.325725   -0.446923   -0.574254   -0.706611   -0.842046   -0.977105   -1.106433   -1.224222   -1.326937   -1.414425   -1.489712   -1.557828   -1.623374   -1.689352   -1.757254   -1.827432   
0.141015   0.180329   0.219246   0.257661   0.294079   0.327605   0.357988   0.383449   0.401485   0.409348   0.402752   0.380492   0.342838   0.290003   0.223586   0.145272   0.056095   -0.043229   -0.152118   -0.269993   -0.396233   -0.530139   -0.670823   -0.816888   -0.965886   -1.113580   -1.253735   -1.380335   -1.490336   -1.584322   -1.666248   -1.741688   -1.815248   -1.889823   -1.966750   -2.046272   
0.099567   0.141553   0.182966   0.223482   0.262973   0.299901   0.333453   0.362244   0.383187   0.394109   0.391056   0.370703   0.332730   0.277463   0.206341   0.121507   0.024289   -0.084431   -0.203937   -0.333534   -0.472485   -0.619964   -0.774890   -0.935520   -1.098847   -1.259755   -1.411187   -1.547095   -1.664967   -1.766166   -1.855577   -1.939183   -2.021557   -2.105519   -2.192253   -2.281923   
0.058708   0.101829   0.145947   0.188952   0.230455   0.270514   0.307275   0.339317   0.363290   0.376656   0.376709   0.358489   0.320404   0.262804   0.186871   0.095188   -0.010549   -0.129259   -0.260075   -0.402168   -0.554674   -0.716623   -0.886700   -1.062777   -1.241213   -1.415935   -1.579155   -1.724935   -1.851315   -1.960492   -2.058249   -2.150854   -2.242855   -2.337016   -2.434364   -2.535018   
0.020248   0.062908   0.107964   0.153693   0.197533   0.239622   0.279607   0.314716   0.341780   0.357557   0.359775   0.343805   0.305873   0.245974   0.165118   0.066245   -0.048508   -0.177826   -0.320669   -0.476059   -0.642994   -0.820336   -1.006504   -1.198936   -1.393276   -1.582438   -1.758022   -1.914291   -2.049861   -2.167826   -2.274797   -2.377234   -2.479693   -2.584884   -2.693686   -2.806194   
-0.015039   0.026035   0.070579   0.117409   0.163999   0.208141   0.250392   0.288662   0.318628   0.336899   0.340743   0.326719   0.289126   0.226918   0.141024   0.034607   -0.089680   -0.230247   -0.385858   -0.555376   -0.737642   -0.931329   -1.134555   -1.344273   -1.555328   -1.759591   -1.948173   -2.115598   -2.261084   -2.388681   -2.505737   -2.618849   -2.732617   -2.849693   -2.970819   -3.096086   


#  Thrust coefficient

0.058319   0.057903   0.057492   0.057089   0.056701   0.056333   0.055990   0.055680   0.055413   0.055202   0.055063   0.055017   0.055091   0.055306   0.055680   0.056224   0.056940   0.057828   0.058876   0.060068   0.061371   0.062740   0.064110   0.065402   0.066531   0.067417   0.067989   0.068197   0.068008   0.067404   0.066388   0.064973   0.063187   0.061064   0.058640   0.055955   
0.072646   0.072393   0.072194   0.072062   0.072017   0.072084   0.072299   0.072700   0.073330   0.074221   0.075398   0.076874   0.078650   0.080709   0.083008   0.085476   0.088005   0.090461   0.092694   0.094556   0.095912   0.096659   0.096724   0.096074   0.094716   0.092693   0.090072   0.086931   0.083350   0.079403   0.075153   0.070645   0.065911   0.060969   0.055835   0.050517   
0.092035   0.092313   0.092792   0.093533   0.094598   0.096047   0.097928   0.100278   0.103117   0.106427   0.110146   0.114149   0.118254   0.122226   0.125810   0.128758   0.130849   0.131912   0.131843   0.130617   0.128293   0.124990   0.120857   0.116043   0.110684   0.104890   0.098749   0.092319   0.085631   0.078702   0.071541   0.064155   0.056555   0.048752   0.040767   0.032627   
0.117964   0.119606   0.121786   0.124580   0.128055   0.132256   0.137171   0.142710   0.148679   0.154783   0.160641   0.165845   0.170006   0.172788   0.173947   0.173365   0.171075   0.167247   0.162130   0.155977   0.149010   0.141417   0.133342   0.124895   0.116139   0.107101   0.097790   0.088205   0.078350   0.068232   0.057865   0.047271   0.036483   0.025552   0.014546   0.003564   
0.152891   0.157149   0.162375   0.168617   0.175832   0.183848   0.192316   0.200729   0.208484   0.214977   0.219673   0.222152   0.222191   0.219790   0.215190   0.208771   0.200914   0.191951   0.182151   0.171732   0.160855   0.149625   0.138082   0.126231   0.114068   0.101585   0.088780   0.075662   0.062248   0.048569   0.034678   0.020649   0.006572   -0.007429   -0.021176   -0.034442   
0.199461   0.207724   0.217282   0.227925   0.239164   0.250274   0.260403   0.268710   0.274463   0.277142   0.276524   0.272721   0.266173   0.257426   0.246977   0.235250   0.222584   0.209245   0.195428   0.181246   0.166728   0.151867   0.136651   0.121061   0.105088   0.088736   0.072028   0.055001   0.037725   0.020294   0.002815   -0.014585   -0.031719   -0.048317   -0.064042   -0.078507   
0.259951   0.273187   0.287389   0.301643   0.314845   0.325872   0.333725   0.337697   0.337469   0.333169   0.325365   0.314773   0.302027   0.287675   0.272164   0.255834   0.238943   0.221646   0.203984   0.185942   0.167501   0.148638   0.129329   0.109568   0.089375   0.068789   0.047886   0.026773   0.005572   -0.015584   -0.036534   -0.057025   -0.076685   -0.095051   -0.111568   -0.125709   
0.335353   0.353015   0.369919   0.384664   0.395950   0.402730   0.404449   0.401077   0.393158   0.381565   0.367114   0.350505   0.332329   0.313051   0.293020   0.272480   0.251531   0.230169   0.208370   0.186105   0.163344   0.140061   0.116261   0.091976   0.067269   0.042248   0.017050   -0.008180   -0.033287   -0.058078   -0.082239   -0.105300   -0.126657   -0.145566   -0.161391   -0.173835   
0.423736   0.442879   0.458754   0.469959   0.475492   0.474973   0.468691   0.457486   0.442388   0.424292   0.403955   0.382012   0.358954   0.335147   0.310819   0.286039   0.260786   0.235031   0.208737   0.181870   0.154408   0.126357   0.097760   0.068701   0.039316   0.009765   -0.019781   -0.049140   -0.078099   -0.106307   -0.133211   -0.158074   -0.179958   -0.198069   -0.212060   -0.222077   
0.519552   0.536263   0.547319   0.551767   0.549407   0.540723   0.526696   0.508464   0.486999   0.463114   0.437487   0.410656   0.383009   0.354778   0.326028   0.296737   0.266868   0.236384   0.205250   0.173437   0.140954   0.107846   0.074216   0.040221   0.006047   -0.028108   -0.062037   -0.095511   -0.128176   -0.159433   -0.188432   -0.214059   -0.235284   -0.251620   -0.263193   -0.270856   
0.615792   0.626827   0.630693   0.627222   0.616891   0.600713   0.579897   0.555486   0.528351   0.499228   0.468711   0.437230   0.405045   0.372248   0.338823   0.304734   0.269944   0.234415   0.198116   0.161046   0.123256   0.084858   0.046027   0.006974   -0.032079   -0.070902   -0.109248   -0.146782   -0.182910   -0.216718   -0.246952   -0.272295   -0.291990   -0.306022   -0.315252   -0.321076   
0.707464   0.710853   0.706907   0.695900   0.678532   0.655984   0.629356   0.599552   0.567343   0.533399   0.498223   0.462139   0.425299   0.387714   0.349356   0.310191   0.270182   0.229296   0.187529   0.144925   0.101601   0.057741   0.013573   -0.030656   -0.074691   -0.118265   -0.161058   -0.202534   -0.241783   -0.277479   -0.308041   -0.332295   -0.349935   -0.361660   -0.368979   -0.373527   
0.793076   0.788453   0.776667   0.758529   0.735116   0.707298   0.675776   0.641287   0.604531   0.566060   0.526318   0.485572   0.443902   0.401306   0.357763   0.313246   0.267728   0.221201   0.173701   0.125338   0.076294   0.026810   -0.022844   -0.072389   -0.121531   -0.169949   -0.217180   -0.262404   -0.304310   -0.341157   -0.371294   -0.393921   -0.409384   -0.419113   -0.425018   -0.428780   
0.873384   0.860531   0.841254   0.816692   0.787869   0.755342   0.719609   0.681063   0.640144   0.597382   0.553129   0.507628   0.460954   0.413132   0.364164   0.314037   0.262749   0.210326   0.156862   0.102533   0.047581   -0.007703   -0.063015   -0.118033   -0.172418   -0.225755   -0.277364   -0.326056   -0.370078   -0.407400   -0.436559   -0.457316   -0.470762   -0.478902   -0.483842   -0.487180   
0.949931   0.928469   0.901729   0.871243   0.837595   0.800974   0.761320   0.719001   0.674279   0.627396   0.578704   0.528368   0.476544   0.423309   0.368697   0.312721   0.255414   0.196855   0.137205   0.076700   0.015642   -0.045637   -0.106789   -0.167449   -0.227210   -0.285511   -0.341377   -0.393196   -0.438786   -0.476038   -0.503876   -0.522764   -0.534478   -0.541424   -0.545769   -0.548879   
1.024113   0.994230   0.960023   0.923355   0.884984   0.844409   0.801308   0.755372   0.706922   0.656119   0.603040   0.547862   0.490780   0.431962   0.371492   0.309432   0.245866   0.180939   0.114878   0.047982   -0.019394   -0.086872   -0.154058   -0.220530   -0.285786   -0.349061   -0.409016   -0.463588   -0.510256   -0.547029   -0.573410   -0.590565   -0.600865   -0.606969   -0.610969   -0.613943   
1.096839   1.059154   1.017870   0.974667   0.930757   0.886195   0.839607   0.790374   0.738254   0.683544   0.626163   0.566171   0.503752   0.439188   0.372654   0.304281   0.234222   0.162696   0.089995   0.016484   -0.057430   -0.131319   -0.204735   -0.277188   -0.348040   -0.416263   -0.480113   -0.537063   -0.584399   -0.620441   -0.645359   -0.660985   -0.670179   -0.675726   -0.679523   -0.682396   
1.168391   1.124026   1.076134   1.026525   0.976484   0.926786   0.876615   0.824002   0.768458   0.709762   0.648119   0.583314   0.515518   0.445062   0.372265   0.297356   0.220576   0.142216   0.062643   -0.017714   -0.098392   -0.178909   -0.258755   -0.337348   -0.413877   -0.487000   -0.554534   -0.613514   -0.661201   -0.696391   -0.719917   -0.734245   -0.742607   -0.747796   -0.751469   -0.754244   
1.238317   1.188410   1.134844   1.079148   1.023022   0.967528   0.912649   0.856582   0.797488   0.734957   0.668894   0.599312   0.526113   0.449638   0.370391   0.288734   0.205002   0.119573   0.032891   -0.054548   -0.142222   -0.229586   -0.316059   -0.400943   -0.483213   -0.561174   -0.632173   -0.692881   -0.740703   -0.775006   -0.797255   -0.810517   -0.818275   -0.823232   -0.826825   -0.829489   
1.306408   1.251783   1.193200   1.132343   1.070424   1.009036   0.948741   0.888265   0.825522   0.759100   0.688620   0.614183   0.535545   0.452961   0.367091   0.278474   0.187562   0.094826   0.000793   -0.093969   -0.188872   -0.283304   -0.376600   -0.467917   -0.555979   -0.638708   -0.712956   -0.775147   -0.822978   -0.856405   -0.877521   -0.889930   -0.897260   -0.902066   -0.905596   -0.908131   
1.370553   1.313459   1.250945   1.185319   1.118449   1.051376   0.985392   0.919742   0.852670   0.782202   0.707362   0.627917   0.543822   0.455066   0.362412   0.266629   0.168305   0.068020   -0.033607   -0.135935   -0.238304   -0.340025   -0.440334   -0.538215   -0.632117   -0.719539   -0.796838   -0.860326   -0.908102   -0.940695   -0.960837   -0.972582   -0.979606   -0.984313   -0.987782   -0.990167   
1.430766   1.371557   1.307086   1.237929   1.166367   1.094345   1.022671   0.951508   0.879255   0.804412   0.725063   0.640596   0.550967   0.455981   0.356395   0.253239   0.147272   0.039196   -0.070273   -0.180413   -0.290484   -0.399716   -0.507224   -0.611797   -0.711581   -0.803615   -0.883794   -0.948454   -0.996148   -1.027972   -1.047299   -1.058535   -1.065339   -1.069984   -1.073384   -1.075594   
1.488189   1.426722   1.360137   1.289193   1.214056   1.137308   1.060497   0.983659   0.905810   0.825793   0.741776   0.652275   0.556984   0.455722   0.349069   0.238338   0.124497   0.008386   -0.109174   -0.227373   -0.345385   -0.462347   -0.577236   -0.688627   -0.794334   -0.890899   -0.973817   -1.039572   -1.087182   -1.118319   -1.136982   -1.147831   -1.154478   -1.159082   -1.162398   -1.164409   
1.541141   1.479637   1.410881   1.337801   1.260790   1.180082   1.098439   1.016188   0.932488   0.846708   0.757586   0.662932   0.561893   0.454299   0.340463   0.221956   0.100009   -0.024382   -0.150284   -0.276790   -0.402982   -0.527892   -0.650343   -0.768678   -0.880345   -0.981364   -1.066917   -1.133722   -1.181264   -1.211810   -1.229943   -1.240497   -1.247035   -1.251609   -1.254822   -1.256611   
1.587912   1.528335   1.459780   1.384444   1.305280   1.222333   1.136153   1.048917   0.959338   0.867463   0.772555   0.672581   0.565748   0.451726   0.330597   0.204119   0.073835   -0.059084   -0.193580   -0.328642   -0.463253   -0.596328   -0.726522   -0.851925   -0.969587   -1.074993   -1.163111   -1.230945   -1.278447   -1.308504   -1.326225   -1.336553   -1.343017   -1.347562   -1.350654   -1.352198   
1.628213   1.571720   1.505062   1.429614   1.347940   1.262852   1.173631   1.081451   0.986345   0.888153   0.786933   0.681289   0.568588   0.448013   0.319492   0.184849   0.045995   -0.095699   -0.239042   -0.382910   -0.526180   -0.667637   -0.805756   -0.938350   -1.062039   -1.171780   -1.262419   -1.331279   -1.378781   -1.408450   -1.425856   -1.436011   -1.442427   -1.446942   -1.449894   -1.451169   


# Torque coefficient

0.001557   0.002309   0.003059   0.003807   0.004554   0.005301   0.006051   0.006805   0.007567   0.008340   0.009130   0.009945   0.010796   0.011693   0.012646   0.013660   0.014741   0.015887   0.017097   0.018363   0.019672   0.021003   0.022322   0.023591   0.024762   0.025793   0.026644   0.027287   0.027699   0.027871   0.027802   0.027501   0.026984   0.026272   0.025386   0.024349   
0.003468   0.004475   0.005484   0.006499   0.007526   0.008571   0.009644   0.010760   0.011934   0.013183   0.014519   0.015948   0.017475   0.019095   0.020795   0.022550   0.024317   0.026041   0.027658   0.029102   0.030313   0.031242   0.031854   0.032134   0.032084   0.031727   0.031094   0.030222   0.029147   0.027902   0.026514   0.025005   0.023390   0.021678   0.019877   0.017989   
0.005968   0.007302   0.008664   0.010068   0.011539   0.013098   0.014766   0.016558   0.018485   0.020545   0.022724   0.024983   0.027260   0.029475   0.031535   0.033345   0.034821   0.035899   0.036538   0.036731   0.036502   0.035900   0.034983   0.033806   0.032419   0.030861   0.029165   0.027352   0.025437   0.023426   0.021323   0.019129   0.016846   0.014474   0.012017   0.009479   
0.009084   0.010897   0.012815   0.014865   0.017072   0.019454   0.022015   0.024733   0.027557   0.030399   0.033142   0.035656   0.037815   0.039510   0.040665   0.041245   0.041265   0.040787   0.039892   0.038662   0.037168   0.035464   0.033594   0.031592   0.029479   0.027266   0.024955   0.022547   0.020041   0.017436   0.014733   0.011932   0.009038   0.006060   0.003009   -0.000092   
0.013043   0.015587   0.018335   0.021304   0.024492   0.027856   0.031307   0.034708   0.037892   0.040691   0.042955   0.044572   0.045485   0.045702   0.045299   0.044387   0.043074   0.041449   0.039580   0.037524   0.035321   0.033000   0.030574   0.028044   0.025412   0.022672   0.019823   0.016863   0.013791   0.010608   0.007322   0.003942   0.000483   -0.003032   -0.006564   -0.010062   
0.018143   0.021663   0.025441   0.029427   0.033504   0.037495   0.041195   0.044400   0.046934   0.048675   0.049579   0.049684   0.049109   0.047995   0.046462   0.044609   0.042509   0.040219   0.037784   0.035230   0.032566   0.029790   0.026899   0.023890   0.020758   0.017499   0.014113   0.010601   0.006969   0.003230   -0.000603   -0.004509   -0.008456   -0.012387   -0.016229   -0.019891   
0.024529   0.029092   0.033790   0.038422   0.042752   0.046545   0.049591   0.051744   0.052946   0.053236   0.052750   0.051653   0.050084   0.048156   0.045952   0.043537   0.040959   0.038252   0.035422   0.032469   0.029389   0.026177   0.022827   0.019335   0.015698   0.011917   0.007997   0.003949   -0.000215   -0.004477   -0.008813   -0.013180   -0.017507   -0.021698   -0.025629   -0.029170   
0.031895   0.037181   0.042221   0.046759   0.050559   0.053426   0.055262   0.056070   0.055967   0.055134   0.053735   0.051903   0.049740   0.047321   0.044704   0.041929   0.039016   0.035964   0.032770   0.029430   0.025937   0.022285   0.018471   0.014493   0.010352   0.006057   0.001619   -0.002947   -0.007621   -0.012379   -0.017170   -0.021909   -0.026478   -0.030721   -0.034491   -0.037702   
0.039276   0.044623   0.049321   0.053147   0.055933   0.057615   0.058246   0.057980   0.057009   0.055491   0.053553   0.051288   0.048765   0.046037   0.043139   0.040081   0.036863   0.033481   0.029928   0.026201   0.022292   0.018198   0.013918   0.009453   0.004814   0.000013   -0.004934   -0.010007   -0.015179   -0.020399   -0.025573   -0.030568   -0.035198   -0.039291   -0.042755   -0.045587   
0.045338   0.050213   0.054161   0.057032   0.058780   0.059474   0.059270   0.058359   0.056895   0.054999   0.052758   0.050239   0.047491   0.044545   0.041412   0.038091   0.034579   0.030870   0.026960   0.022843   0.018515   0.013974   0.009224   0.004274   -0.000861   -0.006165   -0.011618   -0.017194   -0.022844   -0.028476   -0.033946   -0.039047   -0.043576   -0.047413   -0.050548   -0.053109   
0.048969   0.053207   0.056400   0.058493   0.059526   0.059638   0.059009   0.057790   0.056100   0.054026   0.051631   0.048967   0.046064   0.042937   0.039587   0.036013   0.032212   0.028178   0.023907   0.019395   0.014641   0.009649   0.004428   -0.001008   -0.006641   -0.012451   -0.018413   -0.024487   -0.030587   -0.036570   -0.042220   -0.047296   -0.051636   -0.055200   -0.058104   -0.060562   
0.049996   0.053614   0.056269   0.057938   0.058665   0.058596   0.057872   0.056606   0.054882   0.052768   0.050318   0.047571   0.044549   0.041259   0.037704   0.033882   0.029791   0.025428   0.020791   0.015878   0.010694   0.005248   -0.000447   -0.006374   -0.012512   -0.018837   -0.025315   -0.031877   -0.038390   -0.044642   -0.050365   -0.055337   -0.059468   -0.062834   -0.065649   -0.068159   
0.048944   0.052118   0.054404   0.055859   0.056588   0.056656   0.056100   0.054985   0.053376   0.051325   0.048885   0.046095   0.042976   0.039537   0.035783   0.031715   0.027334   0.022638   0.017630   0.012312   0.006694   0.000788   -0.005390   -0.011819   -0.018476   -0.025330   -0.032327   -0.039359   -0.046233   -0.052671   -0.058394   -0.063235   -0.067203   -0.070485   -0.073346   -0.076031   
0.046232   0.049092   0.051257   0.052783   0.053717   0.054062   0.053836   0.053026   0.051639   0.049735   0.047359   0.044559   0.041362   0.037784   0.033837   0.029525   0.024851   0.019820   0.014436   0.008709   0.002649   -0.003728   -0.010402   -0.017350   -0.024541   -0.031935   -0.039451   -0.046927   -0.054104   -0.060663   -0.066350   -0.071079   -0.074969   -0.078281   -0.081301   -0.084253   
0.042369   0.044992   0.047149   0.048918   0.050243   0.051041   0.051214   0.050770   0.049700   0.048007   0.045749   0.042970   0.039715   0.036011   0.031876   0.027321   0.022354   0.016982   0.011217   0.005071   -0.001443   -0.008304   -0.015491   -0.022973   -0.030717   -0.038661   -0.046687   -0.054575   -0.062004   -0.068644   -0.074292   -0.078964   -0.082867   -0.086311   -0.089579   -0.092857   
0.037862   0.040376   0.042580   0.044590   0.046353   0.047640   0.048327   0.048293   0.047565   0.046150   0.044056   0.041336   0.038043   0.034225   0.029908   0.025109   0.019845   0.014128   0.007974   0.001397   -0.005584   -0.012947   -0.020663   -0.028700   -0.037012   -0.045513   -0.054038   -0.062304   -0.069946   -0.076648   -0.082285   -0.086966   -0.090972   -0.094633   -0.098214   -0.101857   
0.033097   0.035676   0.038010   0.040173   0.042210   0.043995   0.045181   0.045636   0.045280   0.044164   0.042280   0.039657   0.036352   0.032430   0.027933   0.022891   0.017326   0.011257   0.004703   -0.002317   -0.009782   -0.017663   -0.025929   -0.034539   -0.043433   -0.052494   -0.061504   -0.070120   -0.077949   -0.084718   -0.090388   -0.095148   -0.099334   -0.103282   -0.107222   -0.111262   
0.028367   0.031095   0.033623   0.035972   0.038161   0.040192   0.041866   0.042793   0.042876   0.042069   0.040427   0.037932   0.034640   0.030626   0.025955   0.020668   0.014796   0.008366   0.001400   -0.006078   -0.014043   -0.022461   -0.031296   -0.040498   -0.049987   -0.059609   -0.069090   -0.078032   -0.086039   -0.092896   -0.098647   -0.103555   -0.107990   -0.112277   -0.116612   -0.121076   
0.023769   0.026655   0.029379   0.031946   0.034322   0.036503   0.038434   0.039828   0.040339   0.039897   0.038495   0.036161   0.032907   0.028814   0.023971   0.018436   0.012253   0.005452   -0.001939   -0.009891   -0.018374   -0.027349   -0.036772   -0.046584   -0.056679   -0.066862   -0.076801   -0.086054   -0.094241   -0.101219   -0.107103   -0.112221   -0.116963   -0.121630   -0.126389   -0.131300   
0.019333   0.022376   0.025295   0.028056   0.030633   0.032985   0.035084   0.036765   0.037706   0.037638   0.036506   0.034345   0.031150   0.026991   0.021980   0.016196   0.009693   0.002510   -0.005320   -0.013762   -0.022780   -0.032331   -0.042363   -0.052802   -0.063513   -0.074258   -0.084645   -0.094201   -0.102584   -0.109716   -0.115785   -0.121170   -0.126266   -0.131346   -0.136556   -0.141938   
0.015189   0.018289   0.021363   0.024315   0.027067   0.029602   0.031871   0.033738   0.034994   0.035297   0.034468   0.032481   0.029365   0.025156   0.019980   0.013943   0.007112   -0.000464   -0.008747   -0.017697   -0.027269   -0.037416   -0.048076   -0.059157   -0.070495   -0.081802   -0.092629   -0.102490   -0.111090   -0.118414   -0.124717   -0.130419   -0.135907   -0.141430   -0.147115   -0.152990   
0.011333   0.014493   0.017621   0.020708   0.023635   0.026330   0.028772   0.030818   0.032267   0.032899   0.032369   0.030580   0.027554   0.023308   0.017970   0.011675   0.004508   -0.003474   -0.012226   -0.021699   -0.031845   -0.042607   -0.053914   -0.065653   -0.077628   -0.089498   -0.100763   -0.110938   -0.119778   -0.127332   -0.133916   -0.139980   -0.145892   -0.151885   -0.158068   -0.164459   
0.007694   0.010939   0.014139   0.017270   0.020322   0.023176   0.025769   0.027994   0.029612   0.030456   0.030220   0.028648   0.025713   0.021442   0.015946   0.009390   0.001877   -0.006525   -0.015760   -0.025775   -0.036513   -0.047910   -0.059883   -0.072296   -0.084918   -0.097352   -0.109055   -0.119558   -0.128667   -0.136487   -0.143397   -0.149858   -0.156224   -0.162712   -0.169415   -0.176344   
0.004369   0.007578   0.010861   0.014061   0.017150   0.020131   0.022866   0.025251   0.027035   0.028029   0.028033   0.026678   0.023843   0.019557   0.013906   0.007084   -0.000785   -0.009619   -0.019354   -0.029928   -0.041277   -0.053329   -0.065985   -0.079088   -0.092367   -0.105369   -0.117515   -0.128364   -0.137769   -0.145893   -0.153168   -0.160059   -0.166906   -0.173913   -0.181157   -0.188648   
0.001453   0.004514   0.007747   0.011029   0.014175   0.017195   0.020064   0.022584   0.024526   0.025658   0.025817   0.024671   0.021949   0.017651   0.011849   0.004754   -0.003481   -0.012761   -0.023011   -0.034161   -0.046141   -0.058866   -0.072226   -0.086034   -0.099980   -0.113554   -0.126154   -0.137368   -0.147096   -0.155561   -0.163237   -0.170588   -0.177940   -0.185489   -0.193296   -0.201369   
-0.001042   0.001804   0.004890   0.008135   0.011363   0.014421   0.017348   0.020000   0.022076   0.023342   0.023608   0.022637   0.020032   0.015722   0.009771   0.002398   -0.006213   -0.015953   -0.026734   -0.038479   -0.051107   -0.064527   -0.078607   -0.093137   -0.107760   -0.121912   -0.134978   -0.146578   -0.156658   -0.165499   -0.173609   -0.181446   -0.189328   -0.197440   -0.205832   -0.214511   

