# ----- Rotor performance tables for the OPT-20-295-Monopile wind turbine ----- 
# ------------ Written on Nov-20-23 using the ROSCO toolbox ------------ 

# Pitch angle vector, 36 entries - x axis (matrix columns) (deg)
-5.0   -4.0   -3.0   -2.0   -1.0   0.0   1.0   2.0   3.0   4.0   5.0   6.0   7.0   8.0   9.0   10.0   11.0   12.0   13.0   14.0   15.0   16.0   17.0   18.0   19.0   20.0   21.0   22.0   23.0   24.0   25.0   26.0   27.0   28.0   29.0   30.0   
# TSR vector, 26 entries - y axis (matrix rows) (-)
2.0    2.5    3.0    3.5    4.0    4.5    5.0    5.5    6.0    6.5    7.0    7.5    8.0    8.5    9.0    9.5    10.0    10.5    11.0    11.5    12.0    12.5    13.0    13.5    14.0    14.5    
# Wind speed vector - z axis (m/s)
10.0    

# Power coefficient

0.016196   0.017520   0.018537   0.019532   0.020506   0.021458   0.022389   0.023298   0.024184   0.025045   0.025881   0.026689   0.027467   0.028213   0.028930   0.029628   0.030266   0.030848   0.032272   0.033963   0.034463   0.035618   0.037133   0.038484   0.039513   0.040378   0.041548   0.043226   0.044458   0.043656   0.043160   0.042523   0.041764   0.040228   0.038395   0.036415   
0.024283   0.026124   0.027686   0.029211   0.030697   0.032141   0.033538   0.034886   0.036181   0.037424   0.038630   0.039742   0.040735   0.043038   0.045598   0.046440   0.049213   0.052331   0.052940   0.055755   0.058234   0.061143   0.062397   0.061299   0.061395   0.060857   0.058946   0.056484   0.053892   0.051195   0.048306   0.045303   0.042176   0.038844   0.035122   0.031379   
0.034632   0.037093   0.039338   0.041507   0.043592   0.045586   0.047507   0.049336   0.050926   0.054150   0.057559   0.059404   0.062434   0.068477   0.068941   0.076295   0.079293   0.083203   0.083210   0.083206   0.082939   0.080233   0.076966   0.073668   0.070064   0.066303   0.062543   0.058480   0.053803   0.049011   0.043947   0.038631   0.033146   0.027708   0.022112   0.016585   
0.047191   0.050310   0.053307   0.056169   0.058916   0.061408   0.063940   0.068414   0.073050   0.078906   0.085794   0.087082   0.097548   0.104127   0.107615   0.108069   0.108413   0.104982   0.100991   0.096691   0.092044   0.087579   0.082884   0.077635   0.072072   0.066079   0.059546   0.052667   0.045585   0.038396   0.031244   0.023860   0.016456   0.009057   0.001919   -0.004903   
0.061553   0.065342   0.069170   0.072608   0.078619   0.081871   0.090667   0.098693   0.103716   0.118295   0.126686   0.133780   0.135425   0.135737   0.131478   0.126694   0.121021   0.115748   0.110086   0.104207   0.098219   0.091410   0.083906   0.075871   0.067305   0.058390   0.049359   0.040148   0.030959   0.021690   0.011889   0.002257   -0.007156   -0.016092   -0.024605   -0.032166   
0.077198   0.081555   0.085582   0.092978   0.104742   0.114127   0.124323   0.139759   0.151707   0.160384   0.166469   0.162692   0.157300   0.151006   0.144738   0.137993   0.131406   0.124647   0.117143   0.108733   0.099416   0.089375   0.078729   0.067940   0.056606   0.045377   0.034057   0.022269   0.010358   -0.002206   -0.014306   -0.026099   -0.037176   -0.047010   -0.055201   -0.060925   
0.092899   0.097282   0.111010   0.123094   0.135894   0.157832   0.174028   0.186408   0.195463   0.191510   0.185533   0.179075   0.171698   0.164180   0.156669   0.148898   0.140329   0.130547   0.119611   0.107742   0.095610   0.082269   0.069027   0.055429   0.041575   0.027793   0.012998   -0.001909   -0.017430   -0.032443   -0.047247   -0.060697   -0.072009   -0.080034   -0.085697   -0.090098   
0.111734   0.122209   0.138886   0.153700   0.177392   0.209144   0.222753   0.220283   0.215740   0.209335   0.201911   0.193831   0.185587   0.177033   0.167761   0.157165   0.145068   0.132075   0.117926   0.103207   0.087319   0.071452   0.055276   0.038606   0.022035   0.004304   -0.013641   -0.032874   -0.051941   -0.070079   -0.086250   -0.098720   -0.107384   -0.112899   -0.117528   -0.121150   
0.131530   0.148159   0.175239   0.204538   0.230947   0.244652   0.243675   0.239459   0.233228   0.225673   0.217313   0.208371   0.198887   0.188154   0.175656   0.161981   0.146560   0.130341   0.112819   0.094721   0.075985   0.056899   0.037381   0.017653   -0.002917   -0.024813   -0.047991   -0.071215   -0.093901   -0.113139   -0.127684   -0.136927   -0.142878   -0.147961   -0.151557   -0.155372   
0.151584   0.188394   0.224732   0.260155   0.263996   0.264416   0.261900   0.256790   0.249815   0.241513   0.232360   0.222209   0.210334   0.196980   0.181135   0.163942   0.145266   0.125445   0.104476   0.083130   0.061139   0.038546   0.015660   -0.008432   -0.033861   -0.061196   -0.089489   -0.117113   -0.140869   -0.158390   -0.169334   -0.176040   -0.180485   -0.184653   -0.188887   -0.194708   
0.175623   0.232187   0.272312   0.279704   0.282370   0.281462   0.278384   0.273102   0.265805   0.257044   0.246832   0.235052   0.219977   0.202957   0.184183   0.163338   0.141368   0.117729   0.093677   0.068282   0.042928   0.016418   -0.011047   -0.040111   -0.071503   -0.104887   -0.138297   -0.168085   -0.190599   -0.204333   -0.212468   -0.216989   -0.220262   -0.225553   -0.231803   -0.242474   
0.208584   0.275560   0.288112   0.295265   0.297887   0.296899   0.293925   0.288949   0.281616   0.272958   0.260551   0.245508   0.227395   0.207008   0.185147   0.160430   0.134989   0.107552   0.079581   0.050601   0.020923   -0.010002   -0.042647   -0.077932   -0.115983   -0.155875   -0.193297   -0.222840   -0.241483   -0.251781   -0.256854   -0.259891   -0.264740   -0.272693   -0.284795   -0.302019   
0.243656   0.285273   0.299630   0.308180   0.311410   0.311213   0.309029   0.305527   0.297925   0.287366   0.272098   0.253762   0.233250   0.209285   0.183807   0.155675   0.126031   0.094663   0.062408   0.029401   -0.005041   -0.040836   -0.079386   -0.121882   -0.168136   -0.214047   -0.253018   -0.279604   -0.293909   -0.300145   -0.302995   -0.307356   -0.315556   -0.329560   -0.349820   -0.372440   
0.248766   0.290907   0.307620   0.318339   0.323433   0.325765   0.324733   0.321518   0.312908   0.299525   0.282237   0.260837   0.236778   0.210095   0.180665   0.148520   0.114395   0.078741   0.042569   0.004983   -0.034227   -0.076252   -0.122205   -0.173641   -0.227782   -0.278115   -0.316033   -0.337955   -0.346941   -0.349809   -0.353282   -0.361118   -0.376366   -0.398948   -0.425164   -0.453544   
0.249985   0.292903   0.312528   0.326345   0.335588   0.339460   0.339594   0.336102   0.326580   0.310373   0.290290   0.266286   0.238985   0.209050   0.175340   0.139179   0.100603   0.061012   0.020130   -0.022552   -0.068004   -0.116964   -0.171897   -0.232782   -0.294489   -0.346818   -0.381279   -0.397494   -0.400783   -0.402974   -0.409220   -0.424599   -0.449367   -0.478721   -0.511099   -0.546587   
0.247923   0.291962   0.315946   0.333814   0.345748   0.351266   0.353833   0.349431   0.337623   0.319343   0.297149   0.270308   0.240179   0.205826   0.168185   0.128084   0.085294   0.041067   -0.005371   -0.054163   -0.106157   -0.163415   -0.228371   -0.299431   -0.367136   -0.419264   -0.448760   -0.458581   -0.457395   -0.460999   -0.474622   -0.500567   -0.532387   -0.568855   -0.609008   -0.653175   
0.244330   0.290255   0.317404   0.339387   0.354559   0.362900   0.365964   0.360155   0.347159   0.326848   0.303182   0.273475   0.239960   0.201648   0.159868   0.114941   0.067551   0.017859   -0.034330   -0.089602   -0.148926   -0.216157   -0.292058   -0.373311   -0.445578   -0.494707   -0.516647   -0.520777   -0.518463   -0.527747   -0.552608   -0.586405   -0.626005   -0.671045   -0.720358   -0.774216   
0.241066   0.287383   0.317134   0.343719   0.361526   0.372217   0.374601   0.369082   0.355303   0.333929   0.307370   0.275407   0.238681   0.196082   0.149670   0.099836   0.047279   -0.008146   -0.066747   -0.128767   -0.197158   -0.275102   -0.363746   -0.453846   -0.528454   -0.573176   -0.584026   -0.584413   -0.585685   -0.606156   -0.640299   -0.682574   -0.731849   -0.786309   -0.846168   -0.909752   
0.236364   0.283656   0.317068   0.345270   0.366094   0.378707   0.381316   0.376254   0.361675   0.339857   0.310983   0.276738   0.235894   0.189018   0.137684   0.082788   0.024557   -0.037119   -0.102454   -0.172140   -0.250715   -0.341263   -0.442488   -0.541129   -0.615301   -0.651656   -0.655693   -0.652879   -0.664075   -0.694467   -0.738107   -0.790671   -0.850045   -0.916002   -0.986377   -1.060404   
0.229757   0.279081   0.314707   0.345169   0.368677   0.382407   0.385694   0.381457   0.367605   0.344726   0.314350   0.276711   0.231650   0.180296   0.124039   0.063665   -0.000665   -0.069138   -0.141402   -0.220326   -0.309964   -0.414863   -0.528624   -0.634211   -0.705786   -0.729283   -0.731401   -0.729395   -0.751800   -0.793360   -0.847488   -0.910842   -0.982541   -1.059744   -1.141201   -1.226606   
0.222662   0.271552   0.309459   0.344617   0.368617   0.382639   0.387594   0.385216   0.372278   0.348674   0.316399   0.275392   0.226181   0.170130   0.108697   0.042412   -0.028497   -0.104066   -0.184070   -0.273210   -0.375918   -0.495100   -0.622490   -0.731850   -0.796764   -0.812920   -0.808136   -0.816673   -0.850248   -0.902689   -0.968558   -1.044858   -1.128830   -1.217698   -1.311284   -1.410160   
0.211680   0.261284   0.303449   0.341339   0.365902   0.380457   0.388103   0.387971   0.375786   0.351697   0.317240   0.272910   0.219483   0.158591   0.091554   0.019009   -0.059037   -0.141846   -0.230800   -0.330891   -0.448821   -0.582961   -0.722466   -0.835045   -0.889369   -0.899770   -0.893045   -0.913443   -0.958600   -1.023456   -1.102509   -1.192683   -1.288645   -1.390709   -1.498391   -1.611977   
0.199782   0.249408   0.295934   0.335139   0.359980   0.376178   0.386372   0.388545   0.377556   0.353362   0.317001   0.269389   0.211599   0.145613   0.072625   -0.006707   -0.092236   -0.182697   -0.281638   -0.394420   -0.527614   -0.678752   -0.829044   -0.943365   -0.986637   -0.986141   -0.989684   -1.019688   -1.077405   -1.156231   -1.250148   -1.353555   -1.463726   -1.580081   -1.703362   -1.832403   
0.183076   0.236800   0.286047   0.324734   0.351797   0.370607   0.383107   0.387444   0.377954   0.353952   0.315875   0.264808   0.202565   0.131107   0.051812   -0.034731   -0.127987   -0.226980   -0.336843   -0.464318   -0.612942   -0.781361   -0.942279   -1.051785   -1.085458   -1.081787   -1.093945   -1.135859   -1.207873   -1.301310   -1.411090   -1.528980   -1.653982   -1.786914   -1.926461   -2.072184   
0.164432   0.220670   0.273079   0.312506   0.342145   0.363808   0.378295   0.384865   0.377092   0.353520   0.313717   0.259225   0.192277   0.115083   0.029097   -0.065137   -0.166267   -0.274742   -0.396636   -0.539747   -0.705326   -0.891485   -1.061549   -1.162059   -1.186405   -1.187833   -1.207004   -1.262317   -1.349907   -1.460904   -1.585510   -1.719330   -1.861469   -2.011448   -2.168524   -2.331806   
0.144673   0.203964   0.255581   0.298540   0.331497   0.354843   0.371540   0.380511   0.374965   0.352047   0.310634   0.252597   0.180766   0.097515   0.004417   -0.097947   -0.207316   -0.326200   -0.461528   -0.619145   -0.805369   -1.008931   -1.186626   -1.278398   -1.295663   -1.300737   -1.329767   -1.399698   -1.504390   -1.633430   -1.774930   -1.925598   -2.085859   -2.254372   -2.429988   -2.612657   


#  Thrust coefficient

0.062755   0.066557   0.065961   0.065345   0.064713   0.064065   0.063403   0.062731   0.062048   0.061357   0.060656   0.059947   0.059229   0.058504   0.057774   0.057057   0.056300   0.055516   0.055893   0.056608   0.055884   0.055837   0.056263   0.056667   0.056539   0.056336   0.056334   0.056825   0.056928   0.055147   0.053593   0.052041   0.050354   0.048016   0.045468   0.042791   
0.077375   0.081866   0.081122   0.080365   0.079598   0.078820   0.078030   0.077228   0.076413   0.075590   0.074782   0.073918   0.072974   0.073877   0.075090   0.074206   0.075451   0.077315   0.076398   0.077562   0.078563   0.079658   0.079355   0.076799   0.075393   0.073506   0.070426   0.066865   0.063298   0.059654   0.055829   0.051981   0.048099   0.044045   0.039773   0.035522   
0.095175   0.100431   0.099542   0.098637   0.097712   0.096764   0.095822   0.094865   0.093713   0.094908   0.096366   0.095964   0.096839   0.101481   0.099690   0.104980   0.105694   0.107143   0.104947   0.102757   0.100482   0.096073   0.091203   0.086517   0.081572   0.076503   0.071594   0.066416   0.060802   0.055174   0.049398   0.043479   0.037477   0.031619   0.025664   0.019886   
0.116177   0.122204   0.121104   0.119982   0.118871   0.117595   0.116532   0.118549   0.120636   0.124132   0.128968   0.126937   0.135106   0.138092   0.138371   0.135643   0.132991   0.126989   0.120634   0.114228   0.107654   0.101416   0.095069   0.088334   0.081437   0.074282   0.066735   0.058983   0.051157   0.043347   0.035671   0.027856   0.020172   0.012636   0.005586   -0.000879   
0.140128   0.146903   0.145555   0.143927   0.146330   0.145130   0.151197   0.156252   0.158176   0.169747   0.173377   0.176158   0.173247   0.169428   0.161313   0.153073   0.144348   0.136305   0.128190   0.120121   0.112144   0.103553   0.094473   0.085071   0.075319   0.065376   0.055479   0.045524   0.035729   0.026020   0.015939   0.006279   -0.002808   -0.011058   -0.018425   -0.024497   
0.166718   0.174013   0.171357   0.174562   0.182960   0.190038   0.196064   0.207006   0.212274   0.215577   0.215707   0.206100   0.195414   0.184348   0.173869   0.163536   0.153758   0.144175   0.134151   0.123490   0.112185   0.100405   0.088250   0.076162   0.063693   0.051517   0.039465   0.027138   0.014896   0.002332   -0.009355   -0.020198   -0.029705   -0.037415   -0.043023   -0.045774   
0.194444   0.201332   0.212332   0.221009   0.229207   0.247301   0.254792   0.260756   0.262061   0.250008   0.236392   0.223150   0.210056   0.197541   0.185705   0.174149   0.162236   0.149486   0.135911   0.121717   0.107573   0.092473   0.077707   0.062844   0.047985   0.033448   0.018231   0.003204   -0.011983   -0.026055   -0.039064   -0.049879   -0.057870   -0.062020   -0.063239   -0.062600   
0.230364   0.246230   0.261813   0.269993   0.287052   0.311607   0.315476   0.301626   0.286169   0.270162   0.254439   0.239259   0.224922   0.211053   0.197157   0.182509   0.166812   0.150648   0.133685   0.116530   0.098545   0.080910   0.063281   0.045514   0.028197   0.010173   -0.007718   -0.026206   -0.043647   -0.059062   -0.071433   -0.079220   -0.082449   -0.081831   -0.079456   -0.075180   
0.269321   0.298350   0.319603   0.339983   0.357841   0.359954   0.343843   0.325930   0.307550   0.289629   0.272377   0.255758   0.239652   0.223184   0.205658   0.187568   0.168219   0.148575   0.128064   0.107449   0.086562   0.065768   0.045057   0.024512   0.003750   -0.017807   -0.039850   -0.060817   -0.079814   -0.093941   -0.102325   -0.104489   -0.102314   -0.098051   -0.091272   -0.083824   
0.309984   0.371989   0.397081   0.424606   0.408044   0.389388   0.369483   0.349101   0.328913   0.309313   0.290448   0.271927   0.252822   0.233185   0.211832   0.189782   0.166856   0.143375   0.119246   0.095280   0.071269   0.047195   0.023533   -0.000735   -0.025634   -0.051499   -0.076946   -0.099960   -0.117367   -0.127120   -0.129142   -0.125520   -0.118082   -0.109012   -0.099003   -0.090256   
0.358821   0.447576   0.478733   0.460655   0.439347   0.416622   0.394116   0.372036   0.350362   0.329199   0.308310   0.287369   0.264374   0.240420   0.215594   0.189481   0.162853   0.135320   0.107967   0.080078   0.052996   0.025485   -0.002176   -0.030596   -0.060258   -0.090348   -0.118400   -0.140606   -0.153705   -0.156589   -0.152138   -0.142139   -0.129008   -0.116760   -0.105069   -0.097138   
0.424767   0.535627   0.516249   0.493480   0.468597   0.442977   0.418653   0.395364   0.372161   0.349866   0.325774   0.300617   0.273789   0.245850   0.217259   0.186835   0.156356   0.124835   0.093714   0.062461   0.031463   0.000158   -0.031812   -0.065214   -0.099726   -0.133674   -0.162456   -0.180982   -0.186837   -0.182361   -0.170251   -0.153617   -0.137355   -0.123337   -0.112853   -0.107021   
0.497434   0.573465   0.550674   0.524730   0.496770   0.469274   0.443732   0.420083   0.395006   0.369459   0.341320   0.311950   0.281765   0.249539   0.216681   0.182271   0.147398   0.111879   0.076671   0.041769   0.006640   -0.028683   -0.065400   -0.104204   -0.144168   -0.180677   -0.207203   -0.219074   -0.216526   -0.203080   -0.183026   -0.162506   -0.144361   -0.131199   -0.123746   -0.118292   
0.532917   0.609053   0.582980   0.554489   0.524619   0.497008   0.470375   0.444878   0.417084   0.387320   0.355744   0.322275   0.287563   0.251742   0.214332   0.175380   0.135859   0.096199   0.057334   0.018429   -0.020673   -0.061032   -0.103364   -0.148497   -0.192830   -0.229620   -0.251004   -0.254023   -0.241137   -0.218158   -0.192968   -0.169846   -0.152953   -0.142570   -0.135439   -0.130092   
0.566695   0.642741   0.613731   0.583370   0.554137   0.525216   0.497027   0.469164   0.438480   0.404221   0.368436   0.331128   0.292227   0.252159   0.209730   0.166381   0.122340   0.078963   0.035823   -0.007365   -0.051532   -0.097166   -0.146059   -0.197195   -0.244753   -0.279020   -0.292494   -0.284990   -0.259905   -0.230006   -0.200683   -0.178658   -0.164696   -0.154779   -0.147563   -0.142924   
0.599111   0.675170   0.644387   0.613356   0.583599   0.552915   0.524170   0.493012   0.457849   0.419613   0.380403   0.338837   0.295894   0.250398   0.203293   0.155712   0.107510   0.059816   0.011903   -0.036302   -0.085473   -0.137203   -0.192942   -0.249920   -0.298572   -0.327691   -0.331579   -0.311257   -0.275076   -0.238982   -0.209846   -0.190934   -0.176940   -0.167224   -0.160759   -0.157366   
0.631103   0.708241   0.674601   0.644365   0.613474   0.581733   0.550452   0.515039   0.476472   0.434190   0.391834   0.345890   0.298151   0.247567   0.195732   0.143194   0.090579   0.038003   -0.014684   -0.067943   -0.122469   -0.181363   -0.244016   -0.306020   -0.353708   -0.374894   -0.365292   -0.332350   -0.287272   -0.248872   -0.222707   -0.203650   -0.189779   -0.180916   -0.175511   -0.173475   
0.664690   0.741357   0.706934   0.676436   0.643241   0.609830   0.574560   0.536317   0.494278   0.448886   0.401731   0.351751   0.299268   0.243372   0.186426   0.128955   0.071546   0.014067   -0.043763   -0.101999   -0.163137   -0.229184   -0.299572   -0.364562   -0.408757   -0.420267   -0.392421   -0.348267   -0.298044   -0.261880   -0.235966   -0.216819   -0.204118   -0.195937   -0.192075   -0.190556   
0.698345   0.775304   0.739932   0.707636   0.672159   0.636945   0.597979   0.556681   0.511111   0.462912   0.411256   0.357022   0.298887   0.237733   0.175517   0.113104   0.050626   -0.012045   -0.075038   -0.138771   -0.207053   -0.281245   -0.358377   -0.425216   -0.463315   -0.459748   -0.418142   -0.361671   -0.311954   -0.275710   -0.249644   -0.231365   -0.219329   -0.212903   -0.209703   -0.208470   
0.732245   0.814049   0.777134   0.737809   0.701899   0.663224   0.620338   0.576225   0.528299   0.476322   0.420708   0.360984   0.297043   0.230566   0.163218   0.095612   0.027833   -0.040303   -0.108295   -0.178665   -0.254259   -0.337396   -0.420281   -0.487035   -0.516456   -0.492824   -0.441012   -0.375847   -0.326562   -0.290605   -0.264561   -0.246836   -0.236565   -0.230844   -0.227905   -0.226894   
0.771077   0.853373   0.809620   0.772022   0.731250   0.687723   0.641736   0.595531   0.544984   0.489260   0.429038   0.363681   0.294056   0.222170   0.149531   0.076472   0.003165   -0.070420   -0.143876   -0.221336   -0.305394   -0.396604   -0.485206   -0.548751   -0.564439   -0.526266   -0.458060   -0.392678   -0.342692   -0.305939   -0.280356   -0.264177   -0.254828   -0.249249   -0.246614   -0.246806   
0.807231   0.893408   0.846435   0.805367   0.760858   0.711458   0.663176   0.614908   0.561383   0.501705   0.436310   0.365280   0.289985   0.212617   0.134397   0.055765   -0.023372   -0.102212   -0.181968   -0.266624   -0.360396   -0.459323   -0.551474   -0.611063   -0.608682   -0.556303   -0.476391   -0.410418   -0.359114   -0.322231   -0.297537   -0.282850   -0.273134   -0.268311   -0.266837   -0.268315   
0.852160   0.930633   0.885296   0.841145   0.788523   0.734727   0.684163   0.633535   0.576776   0.513193   0.442667   0.365930   0.284873   0.201886   0.117918   0.033405   -0.051608   -0.135791   -0.222451   -0.315288   -0.418061   -0.525337   -0.619511   -0.673283   -0.652029   -0.579713   -0.498417   -0.428512   -0.375925   -0.339565   -0.316116   -0.301489   -0.292850   -0.288658   -0.288625   -0.291063   
0.890747   0.973825   0.924965   0.874185   0.814782   0.757955   0.704804   0.651427   0.591620   0.524003   0.448266   0.365618   0.278810   0.189941   0.100064   0.009494   -0.081323   -0.171411   -0.265362   -0.367550   -0.478677   -0.593433   -0.689285   -0.729909   -0.690735   -0.605850   -0.519809   -0.447028   -0.393880   -0.357357   -0.335506   -0.321233   -0.313076   -0.310587   -0.311599   -0.315037   
0.928219   1.016639   0.969351   0.905144   0.841327   0.781601   0.725225   0.669000   0.605910   0.534101   0.452929   0.364451   0.271721   0.176857   0.080893   -0.015951   -0.112406   -0.209006   -0.310712   -0.422460   -0.542077   -0.664237   -0.759984   -0.782756   -0.725720   -0.634796   -0.541272   -0.465890   -0.412431   -0.377636   -0.355290   -0.341846   -0.335184   -0.333756   -0.335882   -0.339959   
0.971219   1.061569   1.006189   0.936527   0.868994   0.805306   0.745658   0.686199   0.619599   0.543426   0.456801   0.362417   0.263690   0.162671   0.060412   -0.042862   -0.145018   -0.248632   -0.358813   -0.478317   -0.608702   -0.737293   -0.831076   -0.835565   -0.762829   -0.662889   -0.563253   -0.485273   -0.431729   -0.398219   -0.376618   -0.363561   -0.358208   -0.358194   -0.361186   -0.366424   


# Torque coefficient

0.008136   0.008801   0.009311   0.009811   0.010300   0.010779   0.011246   0.011703   0.012148   0.012581   0.013000   0.013406   0.013797   0.014172   0.014532   0.014883   0.015203   0.015495   0.016211   0.017060   0.017311   0.017892   0.018653   0.019331   0.019848   0.020283   0.020870   0.021713   0.022332   0.021929   0.021680   0.021360   0.020978   0.020207   0.019286   0.018292   
0.009758   0.010498   0.011126   0.011739   0.012336   0.012916   0.013477   0.014019   0.014539   0.015039   0.015523   0.015970   0.016369   0.017295   0.018324   0.018662   0.019776   0.021029   0.021274   0.022405   0.023401   0.024570   0.025074   0.024633   0.024671   0.024455   0.023688   0.022698   0.021656   0.020573   0.019412   0.018205   0.016948   0.015610   0.014114   0.012609   
0.011598   0.012421   0.013173   0.013900   0.014598   0.015266   0.015909   0.016521   0.017054   0.018134   0.019275   0.019893   0.020907   0.022931   0.023087   0.025549   0.026553   0.027863   0.027865   0.027864   0.027774   0.026868   0.025774   0.024669   0.023463   0.022203   0.020944   0.019583   0.018017   0.016412   0.014717   0.012937   0.011100   0.009279   0.007405   0.005554   
0.013545   0.014441   0.015301   0.016123   0.016911   0.017626   0.018353   0.019637   0.020968   0.022649   0.024626   0.024996   0.028000   0.029888   0.030889   0.031020   0.031118   0.030133   0.028988   0.027754   0.026420   0.025138   0.023791   0.022284   0.020687   0.018967   0.017092   0.015117   0.013085   0.011021   0.008968   0.006849   0.004723   0.002600   0.000551   -0.001407   
0.015459   0.016411   0.017373   0.018236   0.019746   0.020562   0.022772   0.024787   0.026049   0.029711   0.031818   0.033600   0.034013   0.034091   0.033022   0.031820   0.030395   0.029071   0.027649   0.026172   0.024668   0.022958   0.021074   0.019056   0.016904   0.014665   0.012397   0.010083   0.007775   0.005447   0.002986   0.000567   -0.001797   -0.004042   -0.006180   -0.008079   
0.017234   0.018207   0.019106   0.020757   0.023384   0.025479   0.027755   0.031201   0.033869   0.035806   0.037164   0.036321   0.035117   0.033712   0.032313   0.030807   0.029336   0.027827   0.026152   0.024275   0.022195   0.019953   0.017576   0.015168   0.012637   0.010130   0.007603   0.004972   0.002312   -0.000492   -0.003194   -0.005827   -0.008300   -0.010495   -0.012324   -0.013602   
0.018666   0.019546   0.022305   0.024733   0.027304   0.031712   0.034967   0.037454   0.039273   0.038479   0.037278   0.035981   0.034498   0.032988   0.031479   0.029917   0.028196   0.026230   0.024033   0.021648   0.019210   0.016530   0.013869   0.011137   0.008353   0.005584   0.002612   -0.000383   -0.003502   -0.006519   -0.009493   -0.012196   -0.014468   -0.016081   -0.017219   -0.018103   
0.020409   0.022323   0.025369   0.028075   0.032402   0.038202   0.040688   0.040237   0.039407   0.038237   0.036881   0.035405   0.033899   0.032337   0.030643   0.028708   0.026498   0.024125   0.021540   0.018852   0.015950   0.013051   0.010097   0.007052   0.004025   0.000786   -0.002492   -0.006005   -0.009488   -0.012800   -0.015754   -0.018032   -0.019615   -0.020622   -0.021468   -0.022129   
0.022023   0.024807   0.029342   0.034247   0.038669   0.040964   0.040800   0.040094   0.039051   0.037786   0.036386   0.034889   0.033301   0.031504   0.029411   0.027122   0.024540   0.021824   0.018890   0.015860   0.012723   0.009527   0.006259   0.002956   -0.000488   -0.004155   -0.008036   -0.011924   -0.015722   -0.018944   -0.021379   -0.022927   -0.023923   -0.024774   -0.025376   -0.026015   
0.023429   0.029118   0.034734   0.040209   0.040803   0.040868   0.040479   0.039689   0.038611   0.037328   0.035913   0.034344   0.032509   0.030445   0.027996   0.025338   0.022452   0.019389   0.016148   0.012848   0.009449   0.005958   0.002420   -0.001303   -0.005233   -0.009458   -0.013831   -0.018101   -0.021772   -0.024480   -0.026172   -0.027208   -0.027895   -0.028540   -0.029194   -0.030094   
0.025205   0.033323   0.039082   0.040143   0.040525   0.040395   0.039953   0.039195   0.038148   0.036890   0.035425   0.033734   0.031571   0.029128   0.026433   0.023442   0.020289   0.016896   0.013444   0.009800   0.006161   0.002356   -0.001585   -0.005757   -0.010262   -0.015053   -0.019848   -0.024123   -0.027354   -0.029325   -0.030493   -0.031142   -0.031612   -0.032371   -0.033268   -0.034799   
0.027940   0.036911   0.038593   0.039551   0.039902   0.039770   0.039371   0.038705   0.037722   0.036563   0.034901   0.032886   0.030460   0.027729   0.024800   0.021490   0.018082   0.014407   0.010660   0.006778   0.002803   -0.001340   -0.005713   -0.010439   -0.015536   -0.020880   -0.025892   -0.029849   -0.032347   -0.033726   -0.034406   -0.034812   -0.035462   -0.036527   -0.038148   -0.040456   
0.030598   0.035824   0.037627   0.038701   0.039106   0.039082   0.038807   0.038367   0.037413   0.036087   0.034170   0.031867   0.029291   0.026282   0.023082   0.019549   0.015827   0.011888   0.007837   0.003692   -0.000633   -0.005128   -0.009969   -0.015306   -0.021114   -0.026880   -0.031774   -0.035112   -0.036908   -0.037692   -0.038050   -0.038597   -0.039627   -0.041386   -0.043930   -0.046770   
0.029402   0.034383   0.036358   0.037625   0.038227   0.038503   0.038381   0.038001   0.036983   0.035401   0.033358   0.030829   0.027985   0.024831   0.021353   0.017554   0.013520   0.009306   0.005031   0.000589   -0.004045   -0.009012   -0.014444   -0.020523   -0.026922   -0.032871   -0.037352   -0.039943   -0.041005   -0.041344   -0.041755   -0.042681   -0.044483   -0.047152   -0.050251   -0.053605   
0.027905   0.032695   0.034886   0.036428   0.037460   0.037892   0.037907   0.037517   0.036455   0.034645   0.032404   0.029724   0.026677   0.023335   0.019572   0.015536   0.011230   0.006810   0.002247   -0.002517   -0.007591   -0.013056   -0.019188   -0.025984   -0.032872   -0.038714   -0.042560   -0.044370   -0.044737   -0.044982   -0.045679   -0.047396   -0.050161   -0.053437   -0.057051   -0.061013   
0.026218   0.030875   0.033411   0.035301   0.036563   0.037146   0.037418   0.036952   0.035704   0.033770   0.031423   0.028585   0.025399   0.021766   0.017786   0.013545   0.009020   0.004343   -0.000568   -0.005728   -0.011226   -0.017281   -0.024150   -0.031665   -0.038825   -0.044337   -0.047456   -0.048495   -0.048370   -0.048751   -0.050191   -0.052935   -0.056300   -0.060156   -0.064403   -0.069073   
0.024546   0.029160   0.031887   0.034096   0.035620   0.036458   0.036766   0.036182   0.034876   0.032836   0.030458   0.027474   0.024107   0.020258   0.016061   0.011547   0.006786   0.001794   -0.003449   -0.009002   -0.014961   -0.021716   -0.029341   -0.037504   -0.044764   -0.049700   -0.051904   -0.052319   -0.052086   -0.053019   -0.055516   -0.058912   -0.062890   -0.067415   -0.072369   -0.077780   
0.023065   0.027496   0.030343   0.032887   0.034590   0.035613   0.035841   0.035313   0.033995   0.031950   0.029409   0.026351   0.022837   0.018761   0.014320   0.009552   0.004524   -0.000779   -0.006386   -0.012320   -0.018864   -0.026321   -0.034803   -0.043423   -0.050562   -0.054841   -0.055879   -0.055916   -0.056038   -0.057996   -0.061263   -0.065308   -0.070022   -0.075233   -0.080960   -0.087044   
0.021587   0.025906   0.028958   0.031533   0.033435   0.034587   0.034825   0.034363   0.033032   0.031039   0.028402   0.025274   0.021544   0.017263   0.012575   0.007561   0.002243   -0.003390   -0.009357   -0.015721   -0.022898   -0.031167   -0.040412   -0.049421   -0.056195   -0.059515   -0.059884   -0.059627   -0.060650   -0.063425   -0.067411   -0.072212   -0.077634   -0.083658   -0.090085   -0.096846   
0.020071   0.024380   0.027492   0.030153   0.032207   0.033407   0.033694   0.033324   0.032114   0.030115   0.027461   0.024173   0.020237   0.015750   0.010836   0.005562   -0.000058   -0.006040   -0.012353   -0.019247   -0.027078   -0.036242   -0.046180   -0.055404   -0.061657   -0.063709   -0.063894   -0.063719   -0.065676   -0.069307   -0.074035   -0.079570   -0.085834   -0.092578   -0.099694   -0.107155   
0.018641   0.022734   0.025908   0.028851   0.030860   0.032034   0.032449   0.032250   0.031167   0.029191   0.026489   0.023056   0.018936   0.014243   0.009100   0.003551   -0.002386   -0.008712   -0.015410   -0.022873   -0.031471   -0.041449   -0.052114   -0.061270   -0.066704   -0.068057   -0.067656   -0.068371   -0.071182   -0.075572   -0.081086   -0.087474   -0.094504   -0.101944   -0.109779   -0.118057   
0.017013   0.020999   0.024388   0.027433   0.029408   0.030577   0.031192   0.031181   0.030202   0.028266   0.025497   0.021934   0.017640   0.012746   0.007358   0.001528   -0.004745   -0.011400   -0.018549   -0.026594   -0.036072   -0.046853   -0.058065   -0.067113   -0.071479   -0.072315   -0.071774   -0.073413   -0.077043   -0.082255   -0.088609   -0.095856   -0.103568   -0.111771   -0.120426   -0.129555   
0.015439   0.019274   0.022869   0.025899   0.027819   0.029071   0.029858   0.030026   0.029177   0.027307   0.024497   0.020818   0.016352   0.011253   0.005612   -0.000518   -0.007128   -0.014119   -0.021765   -0.030480   -0.040773   -0.052453   -0.064068   -0.072902   -0.076246   -0.076208   -0.076482   -0.078800   -0.083261   -0.089352   -0.096610   -0.104601   -0.113115   -0.122107   -0.131634   -0.141606   
0.013624   0.017622   0.021287   0.024166   0.026180   0.027579   0.028510   0.028832   0.028126   0.026340   0.023506   0.019706   0.015074   0.009757   0.003856   -0.002585   -0.009524   -0.016891   -0.025067   -0.034553   -0.045613   -0.058146   -0.070121   -0.078270   -0.080776   -0.080503   -0.081408   -0.084527   -0.089886   -0.096839   -0.105009   -0.113782   -0.123084   -0.132976   -0.143361   -0.154205   
0.011799   0.015835   0.019596   0.022425   0.024552   0.026106   0.027146   0.027617   0.027060   0.025368   0.022512   0.018602   0.013798   0.008258   0.002088   -0.004674   -0.011931   -0.019715   -0.028462   -0.038732   -0.050613   -0.063972   -0.076176   -0.083388   -0.085135   -0.085238   -0.086613   -0.090583   -0.096868   -0.104833   -0.113774   -0.123377   -0.133577   -0.144339   -0.155611   -0.167328   
0.010024   0.014132   0.017708   0.020684   0.022968   0.024585   0.025742   0.026364   0.025979   0.024391   0.021522   0.017501   0.012524   0.006756   0.000306   -0.006786   -0.014364   -0.022601   -0.031977   -0.042897   -0.055800   -0.069903   -0.082215   -0.088573   -0.089769   -0.090121   -0.092132   -0.096977   -0.104231   -0.113171   -0.122975   -0.133414   -0.144518   -0.156193   -0.168361   -0.181017   

