# ----- Rotor performance tables for the OPT-20-295-Monopile wind turbine ----- 
# ------------ Written on Dec-16-23 using the ROSCO toolbox ------------ 

# Pitch angle vector, 36 entries - x axis (matrix columns) (deg)
-5.0   -4.0   -3.0   -2.0   -1.0   0.0   1.0   2.0   3.0   4.0   5.0   6.0   7.0   8.0   9.0   10.0   11.0   12.0   13.0   14.0   15.0   16.0   17.0   18.0   19.0   20.0   21.0   22.0   23.0   24.0   25.0   26.0   27.0   28.0   29.0   30.0   
# TSR vector, 26 entries - y axis (matrix rows) (-)
2.0    2.5    3.0    3.5    4.0    4.5    5.0    5.5    6.0    6.5    7.0    7.5    8.0    8.5    9.0    9.5    10.0    10.5    11.0    11.5    12.0    12.5    13.0    13.5    14.0    14.5    
# Wind speed vector - z axis (m/s)
10.0    

# Power coefficient

0.025998   0.027559   0.029082   0.030574   0.032037   0.033446   0.034843   0.036188   0.037508   0.038738   0.039858   0.042080   0.043276   0.044206   0.046443   0.047744   0.048651   0.050636   0.051063   0.050899   0.053732   0.054853   0.057926   0.058639   0.058066   0.057710   0.056144   0.055415   0.054345   0.053902   0.053554   0.052672   0.050807   0.048375   0.045671   0.042893   
0.038726   0.041144   0.043486   0.045776   0.048005   0.050138   0.052055   0.055721   0.057659   0.060699   0.062405   0.065216   0.067504   0.068770   0.068943   0.074030   0.076681   0.081081   0.080141   0.080429   0.078727   0.076987   0.076528   0.075972   0.076367   0.074767   0.071952   0.068562   0.064960   0.061258   0.057206   0.053101   0.048584   0.043669   0.038420   0.032772   
0.054518   0.057950   0.061335   0.064418   0.069775   0.072648   0.077225   0.082116   0.083595   0.088031   0.088756   0.095594   0.100276   0.106007   0.105131   0.105633   0.103610   0.101638   0.101809   0.102599   0.101631   0.098496   0.094481   0.089945   0.085097   0.080137   0.074926   0.069164   0.062881   0.056003   0.048522   0.040546   0.032124   0.023461   0.014544   0.005346   
0.072780   0.077282   0.084497   0.088006   0.095041   0.101395   0.103764   0.109110   0.118165   0.128556   0.133315   0.133690   0.133494   0.130308   0.131160   0.129965   0.131834   0.128870   0.124313   0.118979   0.113203   0.107255   0.100940   0.094160   0.086525   0.077984   0.068611   0.058528   0.047806   0.036710   0.025127   0.013367   0.001096   -0.011710   -0.025006   -0.038310   
0.091840   0.100703   0.110235   0.119108   0.122027   0.129396   0.141950   0.158913   0.161771   0.161937   0.161704   0.159099   0.161133   0.164554   0.160680   0.155667   0.149791   0.143096   0.136008   0.128629   0.120568   0.111468   0.101151   0.089639   0.077191   0.063933   0.050011   0.035717   0.021101   0.005564   -0.010364   -0.027478   -0.044944   -0.062819   -0.080569   -0.097930   
0.114369   0.132359   0.136687   0.147228   0.164359   0.186336   0.190260   0.191714   0.192741   0.192668   0.193879   0.197359   0.192611   0.186612   0.179492   0.171660   0.163288   0.154413   0.144707   0.133651   0.120924   0.106759   0.091192   0.074956   0.057798   0.040305   0.021972   0.003131   -0.017210   -0.038324   -0.060832   -0.084010   -0.106657   -0.129150   -0.150498   -0.170657   
0.144958   0.151330   0.173387   0.187590   0.213612   0.222118   0.224447   0.225080   0.226923   0.232904   0.227555   0.221027   0.213390   0.204491   0.194906   0.184902   0.174120   0.161752   0.147382   0.130865   0.112795   0.093335   0.073230   0.052358   0.030822   0.007983   -0.015857   -0.041356   -0.068702   -0.097406   -0.126255   -0.154962   -0.182818   -0.208249   -0.231142   -0.250691   
0.161551   0.188503   0.230274   0.239096   0.248451   0.252018   0.260539   0.269444   0.264148   0.257678   0.250098   0.241058   0.230791   0.219895   0.208423   0.195633   0.180646   0.162872   0.143102   0.120989   0.097942   0.073500   0.048487   0.022576   -0.004952   -0.034193   -0.066081   -0.099497   -0.134846   -0.170888   -0.206027   -0.239087   -0.269835   -0.296916   -0.321275   -0.331898   
0.197465   0.248282   0.263385   0.271020   0.277677   0.289308   0.299815   0.294100   0.287364   0.279293   0.269589   0.258611   0.246746   0.234068   0.219395   0.202127   0.181588   0.158272   0.132584   0.105351   0.076772   0.047722   0.016821   -0.015220   -0.050178   -0.088300   -0.128760   -0.171885   -0.214645   -0.257642   -0.297854   -0.334669   -0.367641   -0.397006   -0.410096   -0.408127   
0.254981   0.270205   0.286922   0.297355   0.312512   0.326205   0.321480   0.315526   0.308008   0.298574   0.287428   0.275244   0.261438   0.246138   0.226801   0.204100   0.177188   0.148091   0.116747   0.084350   0.050792   0.015664   -0.021857   -0.062748   -0.107200   -0.155209   -0.205274   -0.257179   -0.308218   -0.357156   -0.401008   -0.441032   -0.477404   -0.509405   -0.508499   -0.502599   
0.267574   0.290405   0.305503   0.326784   0.345710   0.343887   0.340392   0.334846   0.326717   0.316430   0.304351   0.290809   0.274654   0.254444   0.229538   0.200697   0.167901   0.133359   0.097034   0.059032   0.018968   -0.023223   -0.070052   -0.120626   -0.175207   -0.234100   -0.294554   -0.356243   -0.414577   -0.468130   -0.515868   -0.559923   -0.600811   -0.617421   -0.612625   -0.603044   
0.276423   0.298862   0.326407   0.353451   0.357560   0.358809   0.357123   0.352136   0.343657   0.333308   0.320660   0.305419   0.284402   0.259482   0.227847   0.193925   0.155200   0.115131   0.072428   0.028553   -0.019160   -0.070883   -0.127441   -0.189119   -0.255352   -0.325554   -0.397530   -0.467971   -0.532662   -0.590539   -0.643342   -0.693870   -0.738355   -0.750775   -0.705868   -0.664590   
0.267878   0.301420   0.344426   0.357132   0.365928   0.370851   0.371150   0.367306   0.360169   0.350124   0.335612   0.316825   0.291075   0.260355   0.223552   0.183229   0.139344   0.092975   0.044409   -0.007996   -0.064787   -0.126913   -0.194507   -0.268807   -0.347227   -0.430624   -0.513378   -0.592124   -0.662524   -0.725745   -0.785600   -0.843034   -0.887120   -0.860635   -0.820880   -0.797578   
0.267535   0.318839   0.339250   0.357099   0.370802   0.379404   0.382975   0.381569   0.375130   0.364666   0.348475   0.325454   0.294649   0.259010   0.215824   0.169822   0.119731   0.066926   0.010403   -0.050953   -0.118213   -0.191453   -0.272426   -0.359357   -0.452361   -0.548350   -0.642544   -0.728579   -0.804774   -0.875041   -0.943231   -1.008023   -1.026288   -0.989267   -0.914792   -0.950646   
0.260879   0.306318   0.330454   0.352952   0.372083   0.385515   0.392603   0.393170   0.388666   0.377901   0.359519   0.331443   0.295989   0.254365   0.205743   0.153436   0.096498   0.036404   -0.028649   -0.100861   -0.178875   -0.265779   -0.359542   -0.462097   -0.570209   -0.679886   -0.784454   -0.876913   -0.960482   -1.040377   -1.118065   -1.186517   -1.176778   -1.136138   -1.078841   -1.137522   
0.261442   0.291640   0.319435   0.345878   0.369752   0.387323   0.398534   0.403322   0.401211   0.389643   0.367655   0.336213   0.295504   0.247727   0.193191   0.133908   0.070194   0.001231   -0.074144   -0.156938   -0.248810   -0.348443   -0.458598   -0.577083   -0.701090   -0.825049   -0.937569   -1.038347   -1.131954   -1.222723   -1.309767   -1.379793   -1.341382   -1.275274   -1.260795   -1.343643   
0.241092   0.274667   0.305704   0.335318   0.362646   0.385901   0.402980   0.411843   0.410987   0.398516   0.373581   0.337834   0.292001   0.238739   0.177801   0.110796   0.039615   -0.038786   -0.125512   -0.220356   -0.325823   -0.442094   -0.568379   -0.704871   -0.846005   -0.981634   -1.104386   -1.215250   -1.320292   -1.422724   -1.518320   -1.563167   -1.531927   -1.412607   -1.478219   -1.564919   
0.218593   0.255231   0.289379   0.322936   0.353990   0.381997   0.403764   0.417226   0.418834   0.405281   0.377985   0.337642   0.287193   0.227005   0.159281   0.085463   0.004638   -0.084644   -0.181925   -0.291817   -0.411800   -0.545672   -0.690542   -0.845607   -1.002870   -1.152053   -1.285269   -1.407661   -1.526287   -1.640489   -1.746131   -1.783175   -1.690389   -1.624896   -1.720145   -1.810453   
0.192403   0.233075   0.270424   0.309022   0.343010   0.375153   0.403060   0.420862   0.423137   0.409539   0.380002   0.335947   0.279333   0.213627   0.138767   0.056120   -0.034063   -0.134992   -0.245846   -0.369919   -0.508268   -0.659039   -0.825267   -0.998244   -1.173343   -1.335666   -1.481318   -1.618193   -1.750333   -1.877508   -1.994089   -1.962678   -1.881227   -1.855759   -1.980148   -2.060203   
0.163243   0.207939   0.250923   0.293373   0.329775   0.367606   0.399806   0.421294   0.425120   0.411810   0.379988   0.331916   0.270767   0.197980   0.115135   0.023242   -0.078188   -0.190097   -0.316643   -0.456468   -0.613535   -0.784650   -0.970074   -1.165352   -1.356962   -1.534383   -1.695145   -1.846688   -1.993018   -2.135232   -2.262035   -2.221985   -2.036816   -2.125804   -2.267100   -2.333427   
0.131957   0.180909   0.228519   0.274435   0.316047   0.357571   0.393292   0.416580   0.424230   0.411601   0.377953   0.326516   0.259565   0.179686   0.088832   -0.012430   -0.126478   -0.251816   -0.393569   -0.552218   -0.727196   -0.920546   -1.128720   -1.344408   -1.555080   -1.749763   -1.926982   -2.093666   -2.255059   -2.414407   -2.549078   -2.487785   -2.303965   -2.422946   -2.557390   -2.622486   
0.098164   0.151332   0.203871   0.255040   0.300685   0.345948   0.382859   0.410017   0.420559   0.409665   0.374042   0.319695   0.246459   0.160245   0.059815   -0.053057   -0.178478   -0.319716   -0.478000   -0.656583   -0.850310   -1.068029   -1.300539   -1.536766   -1.770493   -1.982447   -2.176925   -2.358924   -2.537641   -2.716987   -2.852023   -2.718840   -2.591803   -2.744744   -2.883404   -2.941037   
0.062357   0.120934   0.177142   0.233712   0.283051   0.330933   0.368844   0.399547   0.414245   0.406079   0.369997   0.310848   0.232798   0.137400   0.027375   -0.097720   -0.235882   -0.393043   -0.570227   -0.768185   -0.985631   -1.227382   -1.483615   -1.748112   -2.001617   -2.233042   -2.444229   -2.642547   -2.842816   -3.042724   -3.136083   -2.990565   -2.893890   -3.086017   -3.226351   -3.282687   
0.024193   0.089155   0.150098   0.209784   0.264342   0.311804   0.352281   0.386287   0.406697   0.400884   0.363612   0.301378   0.216197   0.112050   -0.008505   -0.145873   -0.298906   -0.473029   -0.670367   -0.885966   -1.131420   -1.397822   -1.683493   -1.973247   -2.250234   -2.501633   -2.730151   -2.946875   -3.171806   -3.393056   -3.475646   -3.253606   -3.236045   -3.446388   -3.595475   -3.668312   
-0.011976   0.055633   0.122541   0.184402   0.241843   0.290282   0.334384   0.372120   0.396492   0.393639   0.356208   0.289728   0.197578   0.084112   -0.047942   -0.197449   -0.367010   -0.560439   -0.776228   -1.015350   -1.286931   -1.583902   -1.897289   -2.215907   -2.516495   -2.789015   -3.034095   -3.272854   -3.526921   -3.766468   -3.729921   -3.496649   -3.613495   -3.845923   -3.987760   -4.120755   
-0.046793   0.022617   0.091932   0.158069   0.215092   0.267553   0.315519   0.356638   0.384635   0.385893   0.348877   0.276484   0.176860   0.053626   -0.090829   -0.253836   -0.439994   -0.652873   -0.888030   -1.155841   -1.455597   -1.782043   -2.127285   -2.473957   -2.800620   -3.093031   -3.356786   -3.623408   -3.906988   -4.164753   -4.106464   -3.864697   -4.021680   -4.263304   -4.407139   -4.595674   


#  Thrust coefficient

0.095293   0.094462   0.093604   0.092739   0.091879   0.090949   0.090072   0.089153   0.088243   0.087226   0.086107   0.086689   0.085824   0.084592   0.085150   0.084422   0.083303   0.083376   0.081822   0.079692   0.080571   0.080041   0.081264   0.080219   0.078104   0.076368   0.073395   0.071273   0.068912   0.067174   0.065537   0.063499   0.060679   0.057366   0.053825   0.050273   
0.119541   0.118527   0.117472   0.116435   0.115400   0.114303   0.112972   0.114432   0.113398   0.113728   0.112460   0.112573   0.111870   0.110240   0.107511   0.109785   0.109831   0.111626   0.108375   0.106519   0.102743   0.099017   0.096576   0.094170   0.092663   0.089519   0.085406   0.080761   0.076024   0.071169   0.066063   0.060971   0.055546   0.049816   0.043853   0.037587   
0.148944   0.147600   0.146450   0.144945   0.147205   0.145835   0.146624   0.147838   0.144872   0.145214   0.141681   0.144349   0.145128   0.147242   0.142930   0.140305   0.135320   0.130343   0.127804   0.125798   0.122510   0.117418   0.111637   0.105411   0.098999   0.092531   0.085903   0.078830   0.071360   0.063435   0.055061   0.046326   0.037264   0.028052   0.018696   0.009163   
0.183082   0.181313   0.184300   0.181540   0.183770   0.184974   0.180992   0.180742   0.183945   0.188569   0.188416   0.183976   0.179156   0.171674   0.168315   0.163377   0.161494   0.155617   0.148430   0.140720   0.132725   0.124677   0.116348   0.107678   0.098300   0.088188   0.077486   0.066290   0.054641   0.042761   0.030526   0.018239   0.005619   -0.007297   -0.020358   -0.033037   
0.220158   0.223319   0.226465   0.228418   0.222438   0.222223   0.227174   0.236466   0.232325   0.225788   0.219452   0.210964   0.207609   0.205491   0.197423   0.188732   0.179524   0.169754   0.159763   0.149606   0.138899   0.127316   0.114736   0.101308   0.087258   0.072696   0.057710   0.042542   0.027216   0.011141   -0.005021   -0.022053   -0.038888   -0.055490   -0.071281   -0.085990   
0.266057   0.278191   0.270605   0.270927   0.277871   0.289479   0.283730   0.276155   0.268710   0.260724   0.254538   0.250928   0.240647   0.229671   0.218077   0.206111   0.193809   0.181184   0.167892   0.153469   0.137760   0.121018   0.103343   0.085472   0.066964   0.048412   0.029238   0.009828   -0.010791   -0.031612   -0.053178   -0.074619   -0.094583   -0.113421   -0.130112   -0.144865   
0.326184   0.316767   0.326985   0.326843   0.340462   0.337398   0.327832   0.317335   0.309277   0.305698   0.292710   0.279314   0.265436   0.250766   0.235792   0.220667   0.204979   0.188065   0.169521   0.149390   0.128377   0.106554   0.084649   0.062381   0.039776   0.016188   -0.007989   -0.033250   -0.059615   -0.086370   -0.112086   -0.136326   -0.158366   -0.176879   -0.191963   -0.202228   
0.367056   0.379765   0.405087   0.397582   0.392024   0.380418   0.375132   0.370908   0.354830   0.338608   0.322194   0.305073   0.287286   0.269295   0.251159   0.232104   0.211328   0.188404   0.164231   0.138545   0.112815   0.086301   0.059824   0.032900   0.004749   -0.024530   -0.055663   -0.087316   -0.119430   -0.150739   -0.179297   -0.204305   -0.225445   -0.241829   -0.254120   -0.248492   
0.438623   0.469986   0.465511   0.452342   0.440131   0.434383   0.428291   0.408483   0.389063   0.369535   0.349305   0.328488   0.307446   0.286132   0.263511   0.238922   0.211841   0.183076   0.152973   0.122513   0.091571   0.060936   0.028976   -0.003585   -0.038343   -0.075096   -0.112833   -0.151457   -0.187750   -0.222061   -0.251476   -0.275727   -0.294634   -0.308716   -0.301723   -0.278335   
0.538521   0.526204   0.519084   0.505015   0.497695   0.490208   0.466898   0.444365   0.421884   0.398718   0.374893   0.350883   0.326065   0.300585   0.271927   0.240964   0.207032   0.172459   0.137013   0.101794   0.066336   0.030101   -0.007892   -0.048283   -0.090923   -0.135320   -0.179602   -0.223240   -0.263347   -0.298689   -0.326768   -0.349072   -0.366172   -0.377292   -0.349199   -0.316204   
0.597760   0.589303   0.572476   0.564860   0.556356   0.529887   0.504523   0.479421   0.453510   0.426920   0.399753   0.372110   0.342995   0.310892   0.275462   0.237666   0.197689   0.157828   0.117853   0.077520   0.036108   -0.006580   -0.052726   -0.101158   -0.151382   -0.203303   -0.253783   -0.302194   -0.344155   -0.378435   -0.404653   -0.425200   -0.440847   -0.426477   -0.387512   -0.349534   
0.661630   0.643119   0.633815   0.625433   0.596661   0.568906   0.541672   0.513700   0.484201   0.454552   0.424111   0.392364   0.356275   0.317837   0.274582   0.231136   0.185285   0.140300   0.094539   0.048860   0.000592   -0.050557   -0.104667   -0.161525   -0.219831   -0.278598   -0.335180   -0.386416   -0.428365   -0.460624   -0.485454   -0.505414   -0.517414   -0.491647   -0.408081   -0.336259   
0.707367   0.695505   0.695922   0.665520   0.636130   0.607587   0.577993   0.547022   0.515279   0.482647   0.447369   0.409483   0.366335   0.320522   0.271116   0.221027   0.170285   0.119548   0.068504   0.015112   -0.041173   -0.100835   -0.163370   -0.229157   -0.295121   -0.361231   -0.422271   -0.474798   -0.515364   -0.545963   -0.569948   -0.588670   -0.592089   -0.515386   -0.437039   -0.371555   
0.771672   0.770626   0.736382   0.705011   0.675391   0.645278   0.613855   0.580834   0.545763   0.509079   0.468762   0.423647   0.373137   0.320894   0.264470   0.208664   0.152139   0.095641   0.037453   -0.023731   -0.088727   -0.157004   -0.229355   -0.303142   -0.377728   -0.449648   -0.514535   -0.566483   -0.605278   -0.634340   -0.657625   -0.674526   -0.640644   -0.548943   -0.435029   -0.411927   
0.829427   0.813675   0.777172   0.744758   0.714525   0.683094   0.649758   0.613602   0.575796   0.534606   0.488371   0.434998   0.377725   0.318091   0.255688   0.193823   0.131132   0.068163   0.002633   -0.067828   -0.141249   -0.219830   -0.300407   -0.383983   -0.466246   -0.544173   -0.610520   -0.660792   -0.697841   -0.727005   -0.749244   -0.760454   -0.689619   -0.588547   -0.478077   -0.467999   
0.901419   0.858513   0.819736   0.785618   0.753571   0.720022   0.684159   0.646332   0.605707   0.559093   0.505136   0.445200   0.380394   0.313387   0.244852   0.176498   0.107892   0.037199   -0.037217   -0.116069   -0.200270   -0.287322   -0.378685   -0.470621   -0.560983   -0.643291   -0.708763   -0.757677   -0.794772   -0.823620   -0.843996   -0.847456   -0.735558   -0.609564   -0.519969   -0.520021   
0.950704   0.905629   0.864457   0.827149   0.792080   0.756025   0.719245   0.679000   0.633809   0.581141   0.519771   0.452185   0.380117   0.306640   0.231794   0.156474   0.081392   0.002656   -0.081156   -0.169341   -0.263314   -0.361462   -0.462107   -0.563488   -0.661177   -0.745106   -0.810620   -0.859077   -0.896307   -0.924050   -0.940877   -0.907783   -0.792221   -0.610242   -0.579670   -0.560368   
1.001782   0.954822   0.911303   0.871104   0.830899   0.793265   0.752972   0.710112   0.660952   0.601325   0.532843   0.457305   0.378635   0.297650   0.216338   0.135082   0.051686   -0.036239   -0.128189   -0.227944   -0.331519   -0.441004   -0.551298   -0.662204   -0.764355   -0.851396   -0.915713   -0.964444   -1.002024   -1.027412   -1.041626   -0.987392   -0.808645   -0.659296   -0.645296   -0.606537   
1.054738   1.005442   0.959052   0.915377   0.871773   0.829354   0.786863   0.741067   0.685333   0.619160   0.543638   0.461110   0.374477   0.287607   0.199677   0.110698   0.019486   -0.077885   -0.180402   -0.290161   -0.405949   -0.524868   -0.646607   -0.763862   -0.872627   -0.959936   -1.025321   -1.075206   -1.111180   -1.134559   -1.146548   -1.012863   -0.842516   -0.704231   -0.700421   -0.615570   
1.109263   1.057748   1.008500   0.962088   0.912227   0.866196   0.820823   0.770298   0.707895   0.635331   0.552587   0.462739   0.370074   0.275913   0.180774   0.083984   -0.016634   -0.122362   -0.236879   -0.357207   -0.484906   -0.614442   -0.744922   -0.871692   -0.983895   -1.073199   -1.140797   -1.190186   -1.223820   -1.245931   -1.254844   -1.100725   -0.829387   -0.769306   -0.767227   -0.626007   
1.163065   1.111573   1.058419   1.008502   0.953726   0.904430   0.854262   0.795857   0.728258   0.649378   0.559671   0.463299   0.363523   0.262378   0.160154   0.055603   -0.055257   -0.171289   -0.296675   -0.429417   -0.567406   -0.707685   -0.848833   -0.982318   -1.098971   -1.192237   -1.261398   -1.309104   -1.339793   -1.361473   -1.365524   -1.177692   -0.889536   -0.841168   -0.787632   -0.615717   
1.216942   1.163884   1.110234   1.055350   0.998091   0.944192   0.885648   0.820633   0.746449   0.662047   0.565163   0.462825   0.355726   0.248401   0.137895   0.023743   -0.095772   -0.223990   -0.360714   -0.506048   -0.653087   -0.806118   -0.957624   -1.096693   -1.220508   -1.316807   -1.386449   -1.430964   -1.459198   -1.482534   -1.475396   -1.201759   -0.949247   -0.915519   -0.830764   -0.602028   
1.271428   1.216990   1.161187   1.103432   1.043869   0.983584   0.915875   0.842558   0.762614   0.673376   0.570825   0.460824   0.347937   0.232024   0.113515   -0.010617   -0.139717   -0.279533   -0.428843   -0.585649   -0.744538   -0.908321   -1.069105   -1.219814   -1.346954   -1.446455   -1.514269   -1.554927   -1.583443   -1.608228   -1.547663   -1.249553   -0.996537   -0.983599   -0.849673   -0.585326   
1.324535   1.270406   1.211512   1.153701   1.090108   1.023265   0.944032   0.862365   0.778147   0.683496   0.574611   0.458715   0.338068   0.214170   0.086983   -0.046770   -0.187110   -0.338823   -0.500974   -0.666533   -0.839788   -1.014067   -1.188474   -1.344855   -1.479439   -1.580319   -1.645747   -1.682796   -1.712738   -1.739270   -1.657588   -1.281363   -1.060471   -1.030087   -0.864030   -0.588643   
1.377055   1.322419   1.263120   1.202531   1.138655   1.059870   0.970594   0.881661   0.791585   0.692050   0.577887   0.455143   0.327024   0.194863   0.058292   -0.084537   -0.237250   -0.402263   -0.574622   -0.753052   -0.938434   -1.127675   -1.311373   -1.476932   -1.616956   -1.718919   -1.779350   -1.814254   -1.848956   -1.873250   -1.670432   -1.275172   -1.137623   -1.103681   -0.867109   -0.639943   
1.425856   1.373275   1.313322   1.252935   1.183850   1.094228   0.996669   0.899908   0.803950   0.700606   0.581574   0.450699   0.314821   0.174255   0.027672   -0.125181   -0.289785   -0.467213   -0.649456   -0.844054   -1.042505   -1.245064   -1.439431   -1.612562   -1.758885   -1.858910   -1.915076   -1.951520   -1.990230   -2.011335   -1.766570   -1.343112   -1.220803   -1.137873   -0.849514   -0.675642   


# Torque coefficient

0.013059   0.013843   0.014608   0.015358   0.016093   0.016801   0.017502   0.018178   0.018841   0.019458   0.020021   0.021137   0.021738   0.022205   0.023329   0.023983   0.024438   0.025435   0.025649   0.025567   0.026990   0.027553   0.029097   0.029455   0.029167   0.028989   0.028202   0.027835   0.027298   0.027076   0.026901   0.026458   0.025521   0.024300   0.022941   0.021545   
0.015562   0.016534   0.017475   0.018395   0.019291   0.020148   0.020918   0.022391   0.023170   0.024392   0.025077   0.026207   0.027126   0.027635   0.027705   0.029749   0.030814   0.032583   0.032205   0.032320   0.031637   0.030937   0.030753   0.030529   0.030688   0.030045   0.028914   0.027552   0.026104   0.024617   0.022988   0.021339   0.019524   0.017548   0.015439   0.013169   
0.018257   0.019406   0.020540   0.021572   0.023366   0.024328   0.025861   0.027498   0.027994   0.029480   0.029722   0.032012   0.033580   0.035499   0.035206   0.035374   0.034696   0.034036   0.034093   0.034358   0.034034   0.032984   0.031639   0.030120   0.028497   0.026836   0.025091   0.023161   0.021057   0.018754   0.016249   0.013578   0.010757   0.007857   0.004871   0.001790   
0.020890   0.022183   0.024254   0.025261   0.027280   0.029104   0.029784   0.031318   0.033918   0.036900   0.038266   0.038374   0.038317   0.037403   0.037648   0.037305   0.037841   0.036990   0.035682   0.034151   0.032493   0.030786   0.028974   0.027027   0.024836   0.022384   0.019694   0.016800   0.013722   0.010537   0.007212   0.003837   0.000315   -0.003361   -0.007178   -0.010996   
0.023066   0.025292   0.027686   0.029915   0.030648   0.032499   0.035652   0.039912   0.040630   0.040672   0.040613   0.039959   0.040470   0.041329   0.040356   0.039097   0.037621   0.035939   0.034159   0.032306   0.030281   0.027996   0.025405   0.022513   0.019387   0.016057   0.012561   0.008971   0.005300   0.001397   -0.002603   -0.006901   -0.011288   -0.015777   -0.020235   -0.024596   
0.025533   0.029549   0.030515   0.032869   0.036693   0.041600   0.042475   0.042800   0.043029   0.043013   0.043283   0.044060   0.043000   0.041661   0.040072   0.038323   0.036454   0.034473   0.032306   0.029838   0.026996   0.023834   0.020359   0.016734   0.012903   0.008998   0.004905   0.000699   -0.003842   -0.008556   -0.013581   -0.018755   -0.023811   -0.028833   -0.033599   -0.038099   
0.029126   0.030406   0.034838   0.037691   0.042920   0.044629   0.045097   0.045224   0.045595   0.046796   0.045721   0.044410   0.042875   0.041087   0.039161   0.037151   0.034985   0.032500   0.029613   0.026294   0.022663   0.018753   0.014714   0.010520   0.006193   0.001604   -0.003186   -0.008310   -0.013804   -0.019571   -0.025368   -0.031136   -0.036733   -0.041842   -0.046442   -0.050370   
0.029509   0.034432   0.042062   0.043673   0.045382   0.046033   0.047590   0.049216   0.048249   0.047067   0.045683   0.044031   0.042156   0.040166   0.038070   0.035734   0.032997   0.029750   0.026139   0.022100   0.017890   0.013425   0.008857   0.004124   -0.000905   -0.006246   -0.012070   -0.018174   -0.024631   -0.031214   -0.037633   -0.043671   -0.049288   -0.054234   -0.058684   -0.060624   
0.033063   0.041572   0.044101   0.045379   0.046494   0.048441   0.050200   0.049243   0.048115   0.046764   0.045139   0.043301   0.041314   0.039192   0.036735   0.033844   0.030405   0.026501   0.022200   0.017640   0.012855   0.007990   0.002816   -0.002548   -0.008402   -0.014785   -0.021559   -0.028780   -0.035940   -0.043139   -0.049872   -0.056036   -0.061557   -0.066474   -0.068666   -0.068336   
0.039409   0.041762   0.044346   0.045959   0.048301   0.050418   0.049687   0.048767   0.047605   0.046147   0.044424   0.042541   0.040407   0.038043   0.035054   0.031545   0.027386   0.022889   0.018044   0.013037   0.007850   0.002421   -0.003378   -0.009698   -0.016569   -0.023989   -0.031727   -0.039749   -0.047637   -0.055201   -0.061979   -0.068165   -0.073786   -0.078732   -0.078592   -0.077680   
0.038402   0.041678   0.043845   0.046899   0.049616   0.049354   0.048852   0.048056   0.046890   0.045413   0.043680   0.041736   0.039418   0.036517   0.032943   0.028804   0.024097   0.019139   0.013926   0.008472   0.002722   -0.003333   -0.010054   -0.017312   -0.025145   -0.033598   -0.042274   -0.051127   -0.059499   -0.067185   -0.074036   -0.080359   -0.086227   -0.088611   -0.087923   -0.086548   
0.037027   0.040033   0.043722   0.047345   0.047895   0.048063   0.047837   0.047169   0.046033   0.044647   0.042952   0.040911   0.038096   0.034758   0.030520   0.025976   0.020789   0.015422   0.009702   0.003825   -0.002567   -0.009495   -0.017071   -0.025332   -0.034204   -0.043608   -0.053249   -0.062685   -0.071350   -0.079103   -0.086176   -0.092944   -0.098903   -0.100566   -0.094551   -0.089022   
0.033640   0.037852   0.043252   0.044848   0.045953   0.046571   0.046608   0.046126   0.045229   0.043968   0.042146   0.039786   0.036553   0.032695   0.028073   0.023010   0.017499   0.011676   0.005577   -0.001004   -0.008136   -0.015938   -0.024426   -0.033756   -0.043604   -0.054077   -0.064469   -0.074358   -0.083199   -0.091138   -0.098654   -0.105867   -0.111403   -0.108077   -0.103085   -0.100158   
0.031620   0.037684   0.040096   0.042206   0.043825   0.044842   0.045264   0.045098   0.044337   0.043100   0.041187   0.038466   0.034825   0.030613   0.025508   0.020071   0.014151   0.007910   0.001230   -0.006022   -0.013972   -0.022628   -0.032198   -0.042473   -0.053465   -0.064810   -0.075943   -0.086112   -0.095117   -0.103422   -0.111482   -0.119139   -0.121298   -0.116923   -0.108120   -0.112358   
0.029121   0.034193   0.036887   0.039398   0.041534   0.043033   0.043824   0.043888   0.043385   0.042183   0.040131   0.036997   0.033040   0.028394   0.022966   0.017127   0.010772   0.004064   -0.003198   -0.011259   -0.019967   -0.029668   -0.040134   -0.051582   -0.063650   -0.075892   -0.087565   -0.097885   -0.107214   -0.116132   -0.124804   -0.132445   -0.131358   -0.126821   -0.120426   -0.126976   
0.027647   0.030841   0.033780   0.036577   0.039101   0.040959   0.042145   0.042651   0.042428   0.041205   0.038880   0.035554   0.031250   0.026197   0.020430   0.014161   0.007423   0.000130   -0.007841   -0.016596   -0.026312   -0.036848   -0.048497   -0.061027   -0.074140   -0.087249   -0.099148   -0.109805   -0.119704   -0.129303   -0.138508   -0.145913   -0.141851   -0.134860   -0.133329   -0.142090   
0.024221   0.027594   0.030712   0.033687   0.036432   0.038769   0.040484   0.041375   0.041289   0.040036   0.037531   0.033940   0.029335   0.023984   0.017862   0.011131   0.003980   -0.003897   -0.012609   -0.022138   -0.032733   -0.044414   -0.057101   -0.070813   -0.084992   -0.098617   -0.110949   -0.122087   -0.132640   -0.142930   -0.152534   -0.157040   -0.153901   -0.141914   -0.148506   -0.157216   
0.020915   0.024420   0.027687   0.030898   0.033869   0.036549   0.038632   0.039920   0.040073   0.038777   0.036165   0.032305   0.027478   0.021720   0.015240   0.008177   0.000444   -0.008099   -0.017406   -0.027921   -0.039400   -0.052209   -0.066070   -0.080906   -0.095953   -0.110227   -0.122973   -0.134683   -0.146033   -0.156960   -0.167067   -0.170612   -0.161734   -0.155468   -0.164581   -0.173222   
0.017572   0.021287   0.024698   0.028223   0.031327   0.034263   0.036811   0.038437   0.038645   0.037403   0.034705   0.030682   0.025511   0.019511   0.012674   0.005125   -0.003111   -0.012329   -0.022453   -0.033785   -0.046420   -0.060190   -0.075371   -0.091169   -0.107161   -0.121986   -0.135288   -0.147789   -0.159857   -0.171472   -0.182119   -0.179251   -0.171812   -0.169486   -0.180846   -0.188157   
0.014261   0.018165   0.021920   0.025629   0.028809   0.032114   0.034927   0.036804   0.037138   0.035975   0.033195   0.028996   0.023654   0.017295   0.010058   0.002030   -0.006830   -0.016607   -0.027662   -0.039876   -0.053598   -0.068546   -0.084744   -0.101804   -0.118542   -0.134042   -0.148086   -0.161324   -0.174107   -0.186531   -0.197608   -0.194110   -0.177934   -0.185708   -0.198051   -0.203845   
0.011047   0.015145   0.019131   0.022975   0.026459   0.029935   0.032926   0.034876   0.035516   0.034459   0.031642   0.027335   0.021730   0.015043   0.007437   -0.001041   -0.010589   -0.021082   -0.032949   -0.046231   -0.060880   -0.077067   -0.094495   -0.112552   -0.130189   -0.146488   -0.161325   -0.175279   -0.188791   -0.202131   -0.213406   -0.208274   -0.192885   -0.202846   -0.214102   -0.219551   
0.007889   0.012163   0.016385   0.020498   0.024166   0.027804   0.030770   0.032953   0.033800   0.032925   0.030062   0.025694   0.019808   0.012879   0.004807   -0.004264   -0.014344   -0.025696   -0.038417   -0.052770   -0.068339   -0.085837   -0.104524   -0.123510   -0.142295   -0.159329   -0.174959   -0.189587   -0.203950   -0.218364   -0.229217   -0.218513   -0.208303   -0.220595   -0.231739   -0.236371   
0.004819   0.009346   0.013689   0.018061   0.021874   0.025574   0.028504   0.030876   0.032012   0.031381   0.028593   0.024022   0.017990   0.010618   0.002116   -0.007552   -0.018229   -0.030374   -0.044066   -0.059364   -0.076168   -0.094851   -0.114652   -0.135092   -0.154683   -0.172567   -0.188887   -0.204213   -0.219690   -0.235138   -0.242353   -0.231107   -0.223636   -0.238484   -0.249329   -0.253682   
0.001800   0.006635   0.011170   0.015611   0.019671   0.023203   0.026216   0.028746   0.030265   0.029832   0.027059   0.022428   0.016089   0.008338   -0.000633   -0.010855   -0.022244   -0.035201   -0.049887   -0.065931   -0.084196   -0.104021   -0.125280   -0.146843   -0.167455   -0.186163   -0.203169   -0.219297   -0.236035   -0.252500   -0.258646   -0.242123   -0.240816   -0.256469   -0.267563   -0.272984   
-0.000859   0.003992   0.008793   0.013233   0.017354   0.020830   0.023995   0.026703   0.028452   0.028247   0.025561   0.020791   0.014178   0.006036   -0.003440   -0.014169   -0.026336   -0.040217   -0.055701   -0.072860   -0.092349   -0.113659   -0.136147   -0.159011   -0.180581   -0.200137   -0.217723   -0.234856   -0.253088   -0.270278   -0.267655   -0.250916   -0.259301   -0.275979   -0.286157   -0.295701   
-0.003242   0.001567   0.006369   0.010952   0.014903   0.018537   0.021861   0.024709   0.026649   0.026736   0.024172   0.019156   0.012254   0.003715   -0.006293   -0.017587   -0.030485   -0.045234   -0.061527   -0.080082   -0.100850   -0.123468   -0.147388   -0.171407   -0.194040   -0.214299   -0.232573   -0.251046   -0.270694   -0.288553   -0.284514   -0.267764   -0.278640   -0.295381   -0.305346   -0.318409   

