# ----- Rotor performance tables for the OPT-20-295-Monopile wind turbine ----- 
# ------------ Written on Dec-02-23 using the ROSCO toolbox ------------ 

# Pitch angle vector, 36 entries - x axis (matrix columns) (deg)
-5.0   -4.0   -3.0   -2.0   -1.0   0.0   1.0   2.0   3.0   4.0   5.0   6.0   7.0   8.0   9.0   10.0   11.0   12.0   13.0   14.0   15.0   16.0   17.0   18.0   19.0   20.0   21.0   22.0   23.0   24.0   25.0   26.0   27.0   28.0   29.0   30.0   
# TSR vector, 26 entries - y axis (matrix rows) (-)
2.0    2.5    3.0    3.5    4.0    4.5    5.0    5.5    6.0    6.5    7.0    7.5    8.0    8.5    9.0    9.5    10.0    10.5    11.0    11.5    12.0    12.5    13.0    13.5    14.0    14.5    
# Wind speed vector - z axis (m/s)
10.0    

# Power coefficient

0.025164   0.027017   0.028553   0.030048   0.031498   0.032901   0.034255   0.035557   0.036822   0.038036   0.039108   0.041622   0.042791   0.043627   0.046287   0.047999   0.049109   0.051540   0.053110   0.054209   0.057927   0.060013   0.063673   0.065187   0.065560   0.064288   0.064276   0.063812   0.063225   0.061294   0.058960   0.056582   0.054272   0.051748   0.049058   0.045984   
0.037869   0.040380   0.042688   0.044908   0.047061   0.049120   0.050957   0.055027   0.056748   0.060552   0.062263   0.065842   0.069020   0.072159   0.073853   0.080614   0.086499   0.091143   0.091232   0.091319   0.091008   0.091768   0.089828   0.086843   0.083717   0.080533   0.077190   0.073624   0.069921   0.065972   0.060967   0.055617   0.049929   0.044036   0.038069   0.032343   
0.053554   0.056774   0.060020   0.062956   0.068799   0.071372   0.077156   0.082841   0.084170   0.092291   0.095411   0.106962   0.114496   0.120086   0.120820   0.121080   0.124163   0.122014   0.118312   0.114512   0.110370   0.105985   0.101611   0.097074   0.091811   0.085746   0.079173   0.071878   0.063960   0.056025   0.047924   0.039994   0.031654   0.023627   0.015542   0.007370   
0.071644   0.075395   0.083191   0.086581   0.094383   0.101618   0.106468   0.117175   0.133229   0.149817   0.150470   0.156063   0.157176   0.158480   0.154316   0.149590   0.144296   0.139162   0.133947   0.128385   0.122199   0.115531   0.107577   0.098564   0.088889   0.078597   0.068368   0.057935   0.047194   0.036383   0.025397   0.014272   0.003042   -0.008324   -0.019802   -0.030092   
0.090683   0.098765   0.108600   0.118059   0.123920   0.137605   0.158487   0.181469   0.190851   0.188698   0.196846   0.192135   0.186360   0.180286   0.174041   0.167517   0.161148   0.154593   0.146758   0.137485   0.126906   0.115117   0.102383   0.089585   0.076333   0.063226   0.050077   0.035877   0.021636   0.006955   -0.007885   -0.023349   -0.038088   -0.051676   -0.062936   -0.071577   
0.112554   0.129440   0.137271   0.154112   0.169482   0.208533   0.222781   0.235727   0.232854   0.227616   0.221387   0.214529   0.207643   0.200219   0.192877   0.185132   0.175956   0.164781   0.151843   0.137687   0.122550   0.106251   0.090415   0.074473   0.057871   0.041128   0.023156   0.004624   -0.014375   -0.034123   -0.053837   -0.072546   -0.087331   -0.099210   -0.107826   -0.114192   
0.142900   0.149382   0.182628   0.204422   0.240251   0.251068   0.266246   0.262949   0.257835   0.251413   0.243993   0.236224   0.228326   0.219941   0.210101   0.197913   0.183360   0.167773   0.149739   0.131464   0.112058   0.092528   0.073253   0.053036   0.032021   0.010351   -0.012866   -0.037541   -0.063001   -0.087964   -0.109829   -0.126969   -0.139001   -0.147681   -0.153862   -0.158241   
0.157280   0.193116   0.234916   0.270142   0.291133   0.292109   0.290804   0.286845   0.280964   0.273983   0.266086   0.257768   0.248308   0.236298   0.221526   0.204737   0.185728   0.164806   0.142639   0.120154   0.097030   0.073553   0.050061   0.025463   -0.001357   -0.030112   -0.061121   -0.092915   -0.123776   -0.150073   -0.169522   -0.182266   -0.191819   -0.197530   -0.200901   -0.205961   
0.193781   0.261386   0.285782   0.310482   0.314539   0.314848   0.312668   0.308973   0.303155   0.296029   0.287915   0.277806   0.265274   0.248270   0.229196   0.207211   0.183152   0.157933   0.131413   0.104939   0.077332   0.049806   0.020549   -0.010728   -0.045121   -0.082455   -0.121530   -0.159658   -0.191627   -0.215152   -0.230386   -0.240503   -0.246512   -0.250361   -0.255280   -0.262416   
0.238922   0.298402   0.320756   0.329910   0.333568   0.334000   0.332602   0.329854   0.324734   0.317863   0.309238   0.295182   0.277514   0.256301   0.232208   0.205866   0.176526   0.147095   0.115975   0.084792   0.052785   0.018996   -0.016394   -0.055815   -0.099421   -0.146479   -0.193666   -0.234337   -0.263917   -0.282696   -0.293192   -0.298330   -0.304052   -0.310101   -0.319219   -0.333289   
0.266692   0.316459   0.332217   0.343445   0.348963   0.351081   0.351305   0.350523   0.347279   0.340373   0.326915   0.308700   0.286693   0.261030   0.232089   0.201026   0.167693   0.132782   0.096830   0.060395   0.022199   -0.016882   -0.061034   -0.110524   -0.165850   -0.223166   -0.274921   -0.314330   -0.338936   -0.351657   -0.356923   -0.361867   -0.368703   -0.380737   -0.400018   -0.421921   
0.268089   0.318032   0.337711   0.352382   0.361385   0.367713   0.370319   0.372240   0.368404   0.358053   0.341357   0.319234   0.292610   0.262843   0.228567   0.193046   0.154314   0.114474   0.073031   0.031409   -0.012586   -0.060563   -0.114816   -0.177118   -0.244770   -0.309845   -0.362850   -0.397531   -0.415052   -0.421571   -0.425720   -0.432823   -0.446736   -0.469526   -0.496877   -0.525633   
0.262705   0.313709   0.337946   0.358142   0.372413   0.382537   0.388078   0.391908   0.386905   0.373624   0.352605   0.327287   0.295498   0.261631   0.223407   0.181644   0.137853   0.093028   0.046247   -0.002514   -0.054420   -0.112062   -0.179175   -0.255684   -0.334920   -0.405203   -0.455566   -0.482984   -0.492226   -0.495686   -0.501353   -0.517060   -0.543824   -0.575651   -0.609228   -0.647194   
0.252455   0.304678   0.335724   0.362513   0.381299   0.394650   0.404887   0.409902   0.401317   0.385023   0.361345   0.332311   0.297488   0.258506   0.214423   0.168753   0.119406   0.067778   0.014313   -0.041914   -0.102724   -0.172328   -0.254544   -0.345912   -0.435655   -0.507478   -0.552089   -0.570268   -0.573975   -0.575755   -0.590131   -0.620126   -0.656330   -0.696169   -0.737764   -0.788862   
0.241528   0.295722   0.331562   0.363041   0.386974   0.406695   0.418471   0.420878   0.412229   0.394623   0.368558   0.336032   0.297185   0.254102   0.205096   0.152577   0.096854   0.038585   -0.022255   -0.086889   -0.158092   -0.242503   -0.341006   -0.448317   -0.545613   -0.615164   -0.650731   -0.659124   -0.658563   -0.668030   -0.697401   -0.738504   -0.782749   -0.833245   -0.887886   -0.952677   
0.230809   0.286701   0.325259   0.361707   0.390788   0.413548   0.426382   0.429223   0.420677   0.401775   0.373906   0.338086   0.295764   0.247048   0.192387   0.133507   0.070952   0.005328   -0.063768   -0.137440   -0.221876   -0.322405   -0.440221   -0.561438   -0.663621   -0.728250   -0.748561   -0.752014   -0.752649   -0.777505   -0.819684   -0.871701   -0.928485   -0.990763   -1.060296   -1.139191   
0.218821   0.275030   0.320931   0.357993   0.391925   0.417188   0.430199   0.434142   0.426787   0.407505   0.378263   0.339209   0.292255   0.237816   0.177099   0.111474   0.041568   -0.032193   -0.109952   -0.194484   -0.293883   -0.413806   -0.550812   -0.685604   -0.788259   -0.842963   -0.850818   -0.850120   -0.863632   -0.902577   -0.959099   -1.023297   -1.093144   -1.167150   -1.255037   -1.347694   
0.205861   0.263693   0.309752   0.354890   0.390260   0.416170   0.429530   0.436577   0.431189   0.411979   0.380818   0.338584   0.286686   0.226524   0.159488   0.086452   0.008527   -0.074055   -0.161051   -0.258858   -0.374771   -0.516976   -0.673394   -0.819074   -0.919295   -0.956405   -0.960423   -0.959453   -0.989303   -1.044653   -1.114838   -1.193395   -1.279267   -1.368332   -1.471557   -1.580873   
0.188816   0.247280   0.298746   0.349016   0.386173   0.409021   0.425915   0.436227   0.432904   0.414812   0.381836   0.336076   0.279380   0.213311   0.139318   0.058401   -0.028386   -0.120075   -0.217817   -0.330091   -0.466727   -0.630609   -0.808508   -0.959620   -1.052815   -1.076051   -1.068989   -1.086060   -1.131975   -1.202396   -1.288711   -1.383984   -1.483479   -1.591433   -1.712337   -1.840224   
0.171073   0.229146   0.286937   0.341536   0.375074   0.400631   0.419527   0.433661   0.433200   0.415628   0.381395   0.332237   0.270435   0.198101   0.116503   0.027038   -0.069132   -0.170299   -0.280708   -0.409134   -0.569137   -0.756863   -0.952372   -1.110160   -1.187898   -1.200874   -1.198689   -1.227259   -1.290104   -1.377801   -1.480777   -1.595806   -1.712042   -1.837996   -1.978830   -2.127443   
0.148617   0.212683   0.270318   0.327668   0.361756   0.389439   0.411918   0.428528   0.430839   0.414901   0.379629   0.326879   0.259836   0.180696   0.091023   -0.007649   -0.113669   -0.225314   -0.349688   -0.497622   -0.680646   -0.894904   -1.107648   -1.266174   -1.328174   -1.328458   -1.340671   -1.383506   -1.464746   -1.571397   -1.695148   -1.825441   -1.961476   -2.109823   -2.272649   -2.443811   
0.124347   0.192151   0.255610   0.308545   0.346692   0.377257   0.401611   0.420951   0.426761   0.412612   0.376549   0.320040   0.247496   0.161121   0.062775   -0.045771   -0.161884   -0.285444   -0.425106   -0.595686   -0.802133   -1.044212   -1.273975   -1.425291   -1.479845   -1.475882   -1.494612   -1.556289   -1.656548   -1.783158   -1.932234   -2.081318   -2.232324   -2.408179   -2.594940   -2.790068   
0.105585   0.172613   0.234138   0.287613   0.329770   0.362190   0.388990   0.411039   0.420583   0.408863   0.372031   0.311795   0.233426   0.139286   0.031655   -0.087378   -0.214012   -0.350700   -0.507908   -0.701402   -0.936836   -1.205868   -1.449208   -1.590979   -1.630438   -1.633620   -1.663466   -1.744071   -1.865559   -2.018933   -2.189057   -2.359193   -2.533128   -2.734154   -2.946852   -3.168353   
0.082563   0.154483   0.209195   0.264576   0.309631   0.345311   0.374496   0.399073   0.412289   0.403462   0.366191   0.302126   0.217531   0.115125   -0.002402   -0.132416   -0.270410   -0.421661   -0.598882   -0.814048   -1.082567   -1.378262   -1.636512   -1.768477   -1.792968   -1.803117   -1.847392   -1.947600   -2.095075   -2.275258   -2.469464   -2.661466   -2.860807   -3.089958   -3.329908   -3.579001   
0.060111   0.130021   0.186378   0.240582   0.287993   0.326035   0.357924   0.385117   0.402064   0.396541   0.359020   0.290982   0.199769   0.088580   -0.039487   -0.180752   -0.331175   -0.498920   -0.695862   -0.937420   -1.239360   -1.563995   -1.830901   -1.951066   -1.972694   -1.984586   -2.045602   -2.170461   -2.346557   -2.552504   -2.772162   -2.991141   -3.217550   -3.475526   -3.744521   -4.023542   
0.039810   0.103091   0.159247   0.215620   0.264569   0.304645   0.338574   0.368927   0.390134   0.388133   0.350508   0.278340   0.180107   0.059600   -0.079687   -0.232497   -0.396409   -0.581201   -0.800865   -1.072931   -1.409079   -1.762681   -2.028993   -2.139727   -2.161976   -2.178985   -2.259220   -2.411148   -2.619928   -2.854796   -3.097790   -3.341913   -3.603347   -3.891747   -4.192166   -4.503012   


#  Thrust coefficient

0.088546   0.094076   0.093241   0.092375   0.091476   0.090546   0.089584   0.088589   0.087585   0.086555   0.085374   0.086469   0.085597   0.084242   0.085410   0.085189   0.084364   0.084912   0.084761   0.084200   0.085938   0.086324   0.088122   0.087762   0.086495   0.083711   0.082083   0.080084   0.078038   0.074830   0.071209   0.067670   0.064247   0.060662   0.057009   0.053068   
0.111455   0.118072   0.116949   0.115783   0.114605   0.113381   0.111934   0.114223   0.112860   0.114350   0.113154   0.114336   0.114570   0.115427   0.114646   0.118598   0.122016   0.123779   0.121189   0.118810   0.116111   0.114538   0.110624   0.105769   0.100824   0.095932   0.090981   0.085831   0.080735   0.075524   0.069451   0.063128   0.056619   0.049990   0.043387   0.037133   
0.139053   0.146792   0.145340   0.143608   0.147128   0.145233   0.148022   0.150530   0.147234   0.152609   0.152243   0.160233   0.163906   0.165319   0.161914   0.158467   0.157643   0.152376   0.145804   0.139281   0.132675   0.125876   0.119201   0.112565   0.105411   0.097661   0.089658   0.081135   0.072146   0.063273   0.054307   0.045648   0.036702   0.028301   0.020000   0.011847   
0.171060   0.179619   0.184511   0.181440   0.185342   0.188067   0.188121   0.195284   0.206926   0.217965   0.212599   0.212391   0.207460   0.203515   0.194617   0.185590   0.176515   0.167800   0.159333   0.150742   0.141740   0.132570   0.122411   0.111476   0.100165   0.088481   0.077037   0.065549   0.053805   0.042219   0.030652   0.019261   0.008069   -0.002732   -0.013150   -0.021944   
0.206103   0.223494   0.228058   0.231440   0.230984   0.240291   0.256062   0.271946   0.273012   0.262081   0.262365   0.249959   0.237508   0.225400   0.213900   0.202760   0.192161   0.181728   0.170339   0.157891   0.144532   0.130319   0.115492   0.100930   0.086172   0.071717   0.057450   0.042305   0.027383   0.012467   -0.002048   -0.016494   -0.029554   -0.040710   -0.049111   -0.054381   
0.250987   0.281270   0.280732   0.292151   0.299771   0.331368   0.335497   0.336714   0.321950   0.305717   0.289454   0.274062   0.259906   0.246086   0.233066   0.220174   0.206326   0.190942   0.174266   0.156818   0.138838   0.120115   0.102190   0.084569   0.066552   0.048613   0.029794   0.010918   -0.007834   -0.026379   -0.043793   -0.059258   -0.070083   -0.077277   -0.080478   -0.080671   
0.313560   0.326774   0.360868   0.371661   0.395327   0.390571   0.392125   0.372253   0.352547   0.333674   0.315603   0.298740   0.282825   0.267316   0.251109   0.233183   0.213454   0.193293   0.171239   0.149422   0.127124   0.105197   0.083955   0.062231   0.040087   0.017641   -0.005545   -0.029225   -0.052373   -0.073602   -0.090499   -0.101729   -0.106926   -0.107696   -0.104888   -0.099189   
0.350013   0.415150   0.446239   0.469132   0.472559   0.449642   0.427100   0.404453   0.382672   0.362179   0.342580   0.324043   0.305585   0.285556   0.263597   0.240322   0.215578   0.189586   0.163177   0.137015   0.111008   0.085341   0.060141   0.034514   0.007175   -0.021213   -0.050523   -0.078886   -0.104334   -0.123825   -0.135184   -0.138594   -0.137209   -0.130459   -0.120013   -0.110559   
0.426585   0.532673   0.537168   0.540299   0.514142   0.487113   0.460969   0.436725   0.413391   0.391182   0.369949   0.348347   0.325633   0.299523   0.272211   0.243082   0.212681   0.181955   0.150953   0.120848   0.090628   0.061346   0.030994   -0.000634   -0.034338   -0.069346   -0.103873   -0.135003   -0.158023   -0.171107   -0.174149   -0.170074   -0.159782   -0.145579   -0.131767   -0.119641   
0.518061   0.625854   0.614179   0.584793   0.553342   0.522634   0.494584   0.469237   0.444568   0.420705   0.397361   0.370358   0.340949   0.309491   0.276178   0.241793   0.205622   0.170332   0.134748   0.100329   0.066190   0.031205   -0.004497   -0.042990   -0.083818   -0.125410   -0.164007   -0.193514   -0.210055   -0.213726   -0.206541   -0.191108   -0.174202   -0.156721   -0.141421   -0.130780   
0.592642   0.693185   0.659489   0.625545   0.590601   0.557961   0.528841   0.502755   0.477538   0.451624   0.421532   0.388636   0.353292   0.316105   0.276819   0.236992   0.196289   0.155554   0.115408   0.076136   0.036460   -0.003041   -0.046157   -0.092559   -0.141710   -0.189129   -0.227518   -0.251149   -0.257737   -0.249406   -0.229755   -0.207244   -0.185034   -0.166613   -0.154873   -0.145827   
0.638383   0.739553   0.701323   0.663825   0.627201   0.595157   0.564979   0.538421   0.510047   0.478559   0.442851   0.404088   0.362452   0.319769   0.274123   0.229039   0.182700   0.137124   0.091899   0.048061   0.003464   -0.043576   -0.094656   -0.150475   -0.207292   -0.257076   -0.291518   -0.305197   -0.298555   -0.276019   -0.247764   -0.219544   -0.196502   -0.181535   -0.170754   -0.161255   
0.681021   0.782875   0.740368   0.701260   0.665741   0.632764   0.601234   0.573492   0.541087   0.503780   0.461325   0.417250   0.368752   0.320409   0.269739   0.217786   0.166262   0.115958   0.065968   0.015994   -0.035210   -0.089871   -0.150578   -0.215904   -0.278486   -0.327517   -0.353646   -0.354071   -0.330608   -0.296972   -0.261047   -0.232517   -0.213553   -0.199288   -0.187031   -0.177990   
0.721118   0.823955   0.779160   0.742077   0.704226   0.669593   0.638441   0.608345   0.568990   0.525572   0.477853   0.427615   0.374128   0.319037   0.261467   0.205103   0.148075   0.091547   0.035797   -0.020328   -0.078511   -0.142201   -0.213591   -0.287773   -0.354092   -0.398214   -0.412798   -0.395381   -0.357832   -0.312364   -0.275194   -0.250800   -0.231749   -0.216461   -0.203857   -0.197138   
0.761183   0.866443   0.821664   0.779972   0.743575   0.708444   0.674739   0.637980   0.594530   0.546220   0.493207   0.436861   0.377131   0.316185   0.252769   0.189412   0.126321   0.063961   0.002139   -0.060590   -0.126609   -0.201153   -0.283048   -0.365838   -0.432197   -0.467722   -0.465354   -0.429148   -0.376851   -0.328035   -0.294400   -0.270086   -0.249545   -0.234785   -0.223667   -0.219153   
0.802738   0.913880   0.861199   0.823338   0.781324   0.745123   0.707944   0.666438   0.618505   0.565157   0.506992   0.444391   0.378829   0.310719   0.240941   0.171203   0.101887   0.033345   -0.035097   -0.104546   -0.180400   -0.265893   -0.359758   -0.448060   -0.511463   -0.535147   -0.508090   -0.456947   -0.393899   -0.347855   -0.314399   -0.289538   -0.269733   -0.255371   -0.246487   -0.243372   
0.844836   0.959017   0.913408   0.861581   0.820721   0.781962   0.738920   0.692777   0.641169   0.583236   0.519995   0.450972   0.378370   0.303148   0.226832   0.150601   0.074805   -0.000396   -0.075378   -0.152757   -0.239200   -0.337422   -0.441813   -0.534141   -0.590618   -0.595164   -0.546704   -0.478782   -0.415466   -0.369379   -0.336545   -0.310947   -0.291496   -0.277527   -0.271295   -0.267676   
0.893888   1.010921   0.954710   0.906166   0.861267   0.817293   0.767409   0.718119   0.663120   0.600649   0.531408   0.455792   0.375900   0.293790   0.210842   0.127626   0.045019   -0.037108   -0.118701   -0.205692   -0.303106   -0.415362   -0.529002   -0.622443   -0.668128   -0.645800   -0.582003   -0.500826   -0.438440   -0.393125   -0.359183   -0.333794   -0.316091   -0.302607   -0.296244   -0.293791   
0.938457   1.063097   0.998252   0.952784   0.903494   0.849116   0.795047   0.742369   0.683531   0.616968   0.541470   0.458801   0.371878   0.282772   0.192732   0.102399   0.012488   -0.076385   -0.165565   -0.262506   -0.373610   -0.498020   -0.621239   -0.710556   -0.739422   -0.693942   -0.606242   -0.527552   -0.464094   -0.417106   -0.383230   -0.358834   -0.340447   -0.328269   -0.322899   -0.321710   
0.994978   1.108651   1.054912   1.001822   0.943202   0.880826   0.821538   0.765865   0.703602   0.631887   0.550333   0.460593   0.366389   0.270093   0.172550   0.074759   -0.022553   -0.118067   -0.216157   -0.323686   -0.449640   -0.586527   -0.714758   -0.800657   -0.804348   -0.737135   -0.640211   -0.555507   -0.490225   -0.442465   -0.407488   -0.385525   -0.367293   -0.355180   -0.351343   -0.351725   
1.042810   1.163293   1.101283   1.053945   0.979491   0.910789   0.848112   0.788212   0.722103   0.645854   0.558009   0.460963   0.359486   0.255626   0.150410   0.044857   -0.059881   -0.162572   -0.270146   -0.390327   -0.529611   -0.679266   -0.812140   -0.887776   -0.865603   -0.773675   -0.674402   -0.584215   -0.517246   -0.468890   -0.435136   -0.411813   -0.394670   -0.384095   -0.381807   -0.383923   
1.085724   1.218723   1.163964   1.096256   1.015710   0.941775   0.874036   0.809911   0.739982   0.658721   0.564526   0.460025   0.351147   0.239512   0.126326   0.012726   -0.099214   -0.210031   -0.327530   -0.462126   -0.613413   -0.775848   -0.912583   -0.969506   -0.928545   -0.819209   -0.707636   -0.614573   -0.544956   -0.494984   -0.465964   -0.441681   -0.422020   -0.414731   -0.414348   -0.417776   
1.138165   1.268089   1.219680   1.137529   1.052696   0.972883   0.900360   0.831268   0.756820   0.670564   0.569770   0.457940   0.341466   0.221754   0.100310   -0.021534   -0.140650   -0.260250   -0.388885   -0.536922   -0.703510   -0.876958   -1.013594   -1.048993   -0.981595   -0.863555   -0.742052   -0.644395   -0.572474   -0.526020   -0.495841   -0.471417   -0.452949   -0.447264   -0.448882   -0.454132   
1.191015   1.333959   1.263945   1.177954   1.088948   1.004948   0.927072   0.852242   0.772587   0.681117   0.573939   0.454750   0.330415   0.202385   0.072417   -0.057718   -0.184414   -0.313516   -0.454613   -0.613782   -0.797503   -0.980750   -1.117998   -1.130528   -1.037056   -0.907615   -0.776978   -0.673454   -0.602493   -0.557699   -0.528162   -0.502653   -0.485596   -0.482771   -0.485774   -0.492039   
1.240836   1.388988   1.308648   1.217001   1.124984   1.037281   0.954186   0.872738   0.787310   0.690537   0.577081   0.450458   0.318035   0.181444   0.042674   -0.095567   -0.230464   -0.370107   -0.522173   -0.695643   -0.895294   -1.089487   -1.220300   -1.207605   -1.098840   -0.950823   -0.811077   -0.705040   -0.634932   -0.589805   -0.560624   -0.537253   -0.521242   -0.520061   -0.524218   -0.531701   
1.300889   1.431192   1.349488   1.255721   1.161296   1.069922   0.981372   0.892797   0.801040   0.698853   0.579243   0.445104   0.304371   0.158974   0.011116   -0.135082   -0.278740   -0.428510   -0.593613   -0.783230   -0.997886   -1.202713   -1.316070   -1.281826   -1.159104   -0.993393   -0.844709   -0.736600   -0.669644   -0.625701   -0.594252   -0.571565   -0.558865   -0.558919   -0.564441   -0.572884   


# Torque coefficient

0.012640   0.013571   0.014343   0.015093   0.015822   0.016527   0.017207   0.017861   0.018496   0.019106   0.019644   0.020907   0.021494   0.021915   0.023251   0.024110   0.024668   0.025889   0.026678   0.027230   0.029097   0.030145   0.031984   0.032744   0.032932   0.032293   0.032287   0.032054   0.031759   0.030789   0.029616   0.028422   0.027262   0.025994   0.024643   0.023098   
0.015218   0.016227   0.017154   0.018046   0.018912   0.019739   0.020477   0.022113   0.022804   0.024333   0.025020   0.026458   0.027736   0.028997   0.029678   0.032395   0.034760   0.036626   0.036662   0.036696   0.036571   0.036877   0.036097   0.034898   0.033642   0.032362   0.031019   0.029586   0.028098   0.026511   0.024500   0.022350   0.020064   0.017696   0.015298   0.012997   
0.017934   0.019012   0.020099   0.021082   0.023039   0.023901   0.025837   0.027741   0.028186   0.030906   0.031951   0.035819   0.038342   0.040214   0.040460   0.040547   0.041579   0.040860   0.039620   0.038347   0.036960   0.035492   0.034027   0.032508   0.030745   0.028714   0.026513   0.024070   0.021418   0.018761   0.016048   0.013393   0.010600   0.007912   0.005205   0.002468   
0.020564   0.021641   0.023879   0.024852   0.027091   0.029168   0.030560   0.033633   0.038242   0.043003   0.043190   0.044796   0.045115   0.045490   0.044294   0.042938   0.041418   0.039944   0.038447   0.036851   0.035075   0.033162   0.030878   0.028291   0.025514   0.022560   0.019624   0.016629   0.013546   0.010443   0.007290   0.004097   0.000873   -0.002389   -0.005684   -0.008637   
0.022776   0.024805   0.027276   0.029651   0.031123   0.034560   0.039805   0.045577   0.047933   0.047393   0.049439   0.048256   0.046806   0.045280   0.043712   0.042073   0.040473   0.038827   0.036859   0.034530   0.031873   0.028912   0.025714   0.022500   0.019171   0.015880   0.012577   0.009011   0.005434   0.001747   -0.001980   -0.005864   -0.009566   -0.012979   -0.015807   -0.017977   
0.025128   0.028898   0.030646   0.034406   0.037837   0.046555   0.049736   0.052626   0.051985   0.050815   0.049425   0.047894   0.046356   0.044699   0.043060   0.041331   0.039282   0.036787   0.033899   0.030739   0.027359   0.023720   0.020185   0.016626   0.012920   0.009182   0.005170   0.001032   -0.003209   -0.007618   -0.012019   -0.016196   -0.019497   -0.022149   -0.024072   -0.025493   
0.028712   0.030015   0.036694   0.041073   0.048272   0.050446   0.053495   0.052833   0.051805   0.050515   0.049024   0.047463   0.045876   0.044192   0.042215   0.039766   0.036842   0.033710   0.030086   0.026414   0.022515   0.018591   0.014718   0.010656   0.006434   0.002080   -0.002585   -0.007543   -0.012659   -0.017674   -0.022067   -0.025511   -0.027929   -0.029673   -0.030915   -0.031795   
0.028729   0.035274   0.042910   0.049344   0.053178   0.053356   0.053118   0.052395   0.051321   0.050046   0.048603   0.047084   0.045356   0.043162   0.040464   0.037397   0.033925   0.030103   0.026054   0.021947   0.017723   0.013435   0.009144   0.004651   -0.000248   -0.005500   -0.011164   -0.016972   -0.022609   -0.027412   -0.030965   -0.033293   -0.035037   -0.036081   -0.036696   -0.037621   
0.032446   0.043766   0.047851   0.051986   0.052666   0.052717   0.052352   0.051734   0.050760   0.049566   0.048208   0.046515   0.044417   0.041570   0.038376   0.034695   0.030666   0.026444   0.022004   0.017571   0.012948   0.008339   0.003441   -0.001796   -0.007555   -0.013806   -0.020349   -0.026733   -0.032086   -0.036024   -0.038575   -0.040269   -0.041275   -0.041920   -0.042743   -0.043938   
0.036927   0.046120   0.049575   0.050990   0.051556   0.051622   0.051406   0.050982   0.050190   0.049128   0.047795   0.045623   0.042892   0.039613   0.035889   0.031818   0.027283   0.022735   0.017925   0.013105   0.008158   0.002936   -0.002534   -0.008627   -0.015366   -0.022640   -0.029933   -0.036219   -0.040790   -0.043693   -0.045315   -0.046109   -0.046994   -0.047929   -0.049338   -0.051512   
0.038275   0.045418   0.047679   0.049290   0.050082   0.050386   0.050419   0.050306   0.049841   0.048850   0.046918   0.044304   0.041145   0.037463   0.033309   0.028851   0.024067   0.019057   0.013897   0.008668   0.003186   -0.002423   -0.008759   -0.015862   -0.023802   -0.032028   -0.039456   -0.045112   -0.048643   -0.050469   -0.051225   -0.051934   -0.052915   -0.054643   -0.057410   -0.060553   
0.035910   0.042600   0.045236   0.047202   0.048407   0.049255   0.049604   0.049862   0.049348   0.047961   0.045725   0.042761   0.039195   0.035208   0.030617   0.025859   0.020670   0.015334   0.009782   0.004207   -0.001686   -0.008112   -0.015380   -0.023725   -0.032787   -0.041504   -0.048604   -0.053249   -0.055596   -0.056469   -0.057025   -0.057977   -0.059840   -0.062893   -0.066557   -0.070408   
0.032990   0.039395   0.042439   0.044975   0.046767   0.048038   0.048734   0.049215   0.048587   0.046919   0.044279   0.041100   0.037108   0.032855   0.028055   0.022811   0.017311   0.011682   0.005808   -0.000316   -0.006834   -0.014073   -0.022500   -0.032108   -0.042059   -0.050885   -0.057209   -0.060652   -0.061813   -0.062247   -0.062959   -0.064931   -0.068292   -0.072289   -0.076506   -0.081273   
0.029838   0.036010   0.039680   0.042846   0.045066   0.046644   0.047854   0.048447   0.047432   0.045506   0.042708   0.039276   0.035161   0.030553   0.025343   0.019945   0.014113   0.008011   0.001692   -0.004954   -0.012141   -0.020368   -0.030085   -0.040884   -0.051491   -0.059979   -0.065252   -0.067401   -0.067839   -0.068049   -0.069748   -0.073293   -0.077572   -0.082281   -0.087197   -0.093237   
0.026961   0.033010   0.037011   0.040524   0.043196   0.045397   0.046712   0.046981   0.046015   0.044050   0.041140   0.037510   0.033173   0.028364   0.022894   0.017031   0.010811   0.004307   -0.002484   -0.009699   -0.017647   -0.027069   -0.038065   -0.050043   -0.060904   -0.068668   -0.072638   -0.073575   -0.073512   -0.074569   -0.077847   -0.082436   -0.087374   -0.093011   -0.099110   -0.106343   
0.024408   0.030319   0.034396   0.038250   0.041326   0.043733   0.045090   0.045390   0.044487   0.042488   0.039541   0.035753   0.031277   0.026125   0.020345   0.014118   0.007503   0.000563   -0.006743   -0.014534   -0.023463   -0.034094   -0.046553   -0.059372   -0.070178   -0.077012   -0.079160   -0.079525   -0.079593   -0.082221   -0.086682   -0.092182   -0.098187   -0.104773   -0.112126   -0.120469   
0.021983   0.027630   0.032242   0.035965   0.039374   0.041912   0.043219   0.043615   0.042876   0.040939   0.038001   0.034078   0.029361   0.023892   0.017792   0.011199   0.004176   -0.003234   -0.011046   -0.019538   -0.029524   -0.041572   -0.055336   -0.068877   -0.079190   -0.084686   -0.085475   -0.085405   -0.086763   -0.090675   -0.096353   -0.102803   -0.109820   -0.117255   -0.126084   -0.135393   
0.019696   0.025230   0.029637   0.033955   0.037340   0.039819   0.041097   0.041771   0.041256   0.039418   0.036436   0.032395   0.027430   0.021674   0.015260   0.008272   0.000816   -0.007085   -0.015409   -0.024767   -0.035858   -0.049464   -0.064429   -0.078368   -0.087957   -0.091507   -0.091892   -0.091799   -0.094655   -0.099951   -0.106666   -0.114182   -0.122398   -0.130920   -0.140797   -0.151256   
0.017244   0.022584   0.027284   0.031875   0.035269   0.037356   0.038899   0.039840   0.039537   0.037885   0.034873   0.030694   0.025516   0.019482   0.012724   0.005334   -0.002592   -0.010966   -0.019893   -0.030147   -0.042626   -0.057593   -0.073841   -0.087642   -0.096153   -0.098275   -0.097630   -0.099189   -0.103383   -0.109814   -0.117697   -0.126399   -0.135485   -0.145345   -0.156387   -0.168067   
0.014945   0.020018   0.025066   0.029836   0.032766   0.034999   0.036649   0.037884   0.037844   0.036309   0.033318   0.029024   0.023625   0.017306   0.010178   0.002362   -0.006039   -0.014877   -0.024522   -0.035741   -0.049719   -0.066119   -0.083198   -0.096982   -0.103773   -0.104907   -0.104716   -0.107212   -0.112702   -0.120363   -0.129359   -0.139408   -0.149562   -0.160565   -0.172868   -0.185851   
0.012442   0.017806   0.022631   0.027432   0.030286   0.032603   0.034485   0.035876   0.036069   0.034735   0.031782   0.027366   0.021753   0.015128   0.007620   -0.000640   -0.009516   -0.018863   -0.029275   -0.041660   -0.056983   -0.074920   -0.092731   -0.106002   -0.111193   -0.111217   -0.112239   -0.115825   -0.122627   -0.131555   -0.141916   -0.152824   -0.164212   -0.176632   -0.190263   -0.204593   
0.009994   0.015443   0.020543   0.024798   0.027864   0.030320   0.032277   0.033832   0.034299   0.033162   0.030263   0.025722   0.019891   0.012949   0.005045   -0.003679   -0.013011   -0.022941   -0.034166   -0.047875   -0.064467   -0.083923   -0.102389   -0.114551   -0.118935   -0.118617   -0.120122   -0.125079   -0.133137   -0.143312   -0.155294   -0.167276   -0.179412   -0.193545   -0.208555   -0.224238   
0.008159   0.013339   0.018094   0.022226   0.025484   0.027990   0.030061   0.031765   0.032502   0.031596   0.028750   0.024095   0.018039   0.010764   0.002446   -0.006752   -0.016539   -0.027102   -0.039251   -0.054204   -0.072398   -0.093188   -0.111993   -0.122949   -0.125998   -0.126244   -0.128551   -0.134780   -0.144168   -0.156021   -0.169168   -0.182316   -0.195757   -0.211292   -0.227729   -0.244847   
0.006144   0.011496   0.015568   0.019689   0.023042   0.025697   0.027869   0.029698   0.030681   0.030024   0.027251   0.022483   0.016188   0.008567   -0.000179   -0.009854   -0.020123   -0.031379   -0.044567   -0.060579   -0.080561   -0.102566   -0.121784   -0.131604   -0.133427   -0.134182   -0.137477   -0.144934   -0.155909   -0.169317   -0.183769   -0.198057   -0.212892   -0.229944   -0.247801   -0.266337   
0.004314   0.009330   0.013374   0.017264   0.020666   0.023396   0.025684   0.027636   0.028852   0.028455   0.025763   0.020881   0.014335   0.006356   -0.002834   -0.012971   -0.023765   -0.035802   -0.049934   -0.067268   -0.088935   -0.112231   -0.131383   -0.140006   -0.141558   -0.142412   -0.146790   -0.155750   -0.168386   -0.183165   -0.198927   -0.214641   -0.230888   -0.249400   -0.268703   -0.288725   
0.002758   0.007143   0.011033   0.014939   0.018331   0.021107   0.023458   0.025561   0.027030   0.026892   0.024285   0.019285   0.012479   0.004129   -0.005521   -0.016108   -0.027465   -0.040268   -0.055488   -0.074338   -0.097627   -0.122126   -0.140578   -0.148250   -0.149791   -0.150970   -0.156529   -0.167055   -0.181520   -0.197793   -0.214629   -0.231543   -0.249656   -0.269638   -0.290452   -0.311989   

